0 1
0 1
0 2
0 2
0 3
0 3
0 5
0 7
0 8
0 9
0 11
0 11
0 13
0 15
0 17
0 18
0 19
0 21
0 22
0 25
0 26
0 27
0 28
0 29
0 31
0 34
0 38
0 39
0 39
0 40
0 42
0 44
0 44
0 45
0 47
0 51
0 54
0 60
0 61
0 62
0 65
0 67
0 67
0 71
0 72
0 76
0 77
0 78
0 78
0 79
0 80
0 81
0 82
0 83
0 84
0 84
0 85
0 86
0 87
0 88
0 89
0 93
0 97
0 99
2 4
2 7
2 8
2 9
2 12
2 13
2 14
2 16
2 16
2 23
2 23
2 24
2 24
2 27
2 33
2 33
2 41
2 43
2 46
2 48
2 49
2 52
2 57
2 63
2 63
2 70
2 73
2 74
2 76
2 87
2 91
2 92
2 94
2 97
2 98
3 4
3 5
3 6
3 10
3 14
3 17
3 22
3 26
3 28
3 32
3 35
3 38
3 41
3 49
3 50
3 53
3 55
3 56
3 58
3 66
3 75
3 82
3 88
3 94
3 96
4 6
4 30
4 31
4 37
4 40
4 53
6 19
6 43
7 55
8 10
8 29
8 37
8 57
8 68
8 77
8 80
8 86
9 90
10 12
10 20
10 30
11 15
11 46
11 69
11 91
12 48
12 66
12 79
12 81
13 95
14 18
14 85
14 98
17 20
17 21
17 35
17 36
17 45
17 65
18 95
20 47
21 36
21 42
21 83
24 25
24 58
24 64
27 50
28 32
28 51
28 52
32 34
32 56
32 90
34 71
42 70
42 99
44 92
44 93
45 64
48 59
48 62
49 61
50 54
50 59
50 69
50 73
50 75
58 60
62 68
62 74
64 72
78 89
78 96
