0.100000 10.000000 0.762793 0.243730 0.121385 0.095022
0.200000 5.000000 0.679601 0.285632 0.096608 0.050242
0.300000 3.333333 0.637519 0.284021 0.110278 0.055943
0.400000 2.500000 0.610971 0.278994 0.120526 0.047253
0.500000 2.000000 0.589942 0.265355 0.136047 0.047540
0.600000 1.666667 0.571834 0.249897 0.150459 0.047738
0.700000 1.428571 0.555412 0.235264 0.162870 0.045962
0.800000 1.250000 0.541636 0.220220 0.174151 0.044662
0.900000 1.111111 0.526978 0.205657 0.184603 0.044446
1.000000 1.000000 0.511429 0.192494 0.193636 0.043716
1.100000 0.909091 0.497177 0.182195 0.200690 0.042278
1.200000 0.833333 0.484287 0.173127 0.206363 0.040442
1.300000 0.769231 0.472550 0.165277 0.210883 0.038644
1.400000 0.714286 0.462582 0.157703 0.214654 0.036758
1.500000 0.666667 0.453741 0.150395 0.217852 0.035028
1.600000 0.625000 0.445715 0.143668 0.220527 0.033405
1.700000 0.588235 0.438447 0.137582 0.222739 0.031811
1.800000 0.555556 0.431840 0.132246 0.224573 0.030246
1.900000 0.526316 0.425587 0.127123 0.226087 0.028982
2.000000 0.500000 0.420168 0.122354 0.227356 0.027888
2.100000 0.476190 0.415339 0.117426 0.228512 0.026883
2.200000 0.454545 0.411058 0.112908 0.229456 0.026113
2.300000 0.434783 0.407133 0.108582 0.230177 0.025503
2.400000 0.416667 0.404074 0.104680 0.230918 0.024904
2.500000 0.400000 0.400989 0.100829 0.231549 0.024573
2.600000 0.384615 0.398024 0.096930 0.232092 0.024322
2.700000 0.370370 0.395313 0.093636 0.232475 0.024099
2.800000 0.357143 0.392955 0.090466 0.232786 0.023915
2.900000 0.344828 0.390871 0.087756 0.233065 0.023793
3.000000 0.333333 0.389094 0.085309 0.233266 0.023687
3.100000 0.322581 0.387459 0.082914 0.233471 0.023655
3.200000 0.312500 0.385884 0.080623 0.233627 0.023678
3.300000 0.303030 0.384380 0.078521 0.233756 0.023698
3.400000 0.294118 0.382968 0.076576 0.233792 0.023709
3.500000 0.285714 0.381713 0.074778 0.233871 0.023713
3.600000 0.277778 0.380545 0.073262 0.233866 0.023699
3.700000 0.270270 0.379462 0.071992 0.233844 0.023680
3.800000 0.263158 0.378695 0.071013 0.233845 0.023681
3.900000 0.256410 0.377964 0.070169 0.233837 0.023627
4.000000 0.250000 0.377339 0.069396 0.233824 0.023576
4.100000 0.243902 0.376678 0.068673 0.233780 0.023590
