-1.218338 0.000000 -4948.710267
-1.215013 0.000000 -4949.322067
-1.211688 0.000000 -4949.933867
-1.208363 0.000000 -43.412000
-1.205037 0.000000 -42.776486
-1.201712 0.000000 -42.269267
-1.198387 0.000000 -41.696741
-1.195063 0.000000 -41.215768
-1.191738 0.000000 -40.673881
-1.188413 0.000000 -40.148840
-1.185088 0.000000 -39.688619
-1.181763 0.000000 -39.086185
-1.178438 0.000000 -38.541003
-1.175113 0.000000 -38.069551
-1.171787 0.000000 -37.570023
-1.168462 0.000000 -37.041930
-1.165137 0.000000 -36.522016
-1.161812 0.000000 -36.071683
-1.158487 0.000000 -35.595958
-1.155163 0.000000 -35.121088
-1.151838 0.000000 -34.640481
-1.148512 0.000000 -34.228477
-1.145188 0.000000 -33.772162
-1.141863 0.000000 -33.301321
-1.138537 0.000000 -32.814732
-1.135213 0.000000 -32.363299
-1.131887 0.000000 -31.906984
-1.128563 0.000000 -31.569810
-1.125238 0.000000 -31.072235
-1.121912 0.000000 -30.662794
-1.118588 0.000000 -30.198667
-1.115263 0.000000 -29.803631
-1.111938 0.000000 -29.344996
-1.108613 0.000000 -28.948007
-1.105287 0.000000 -28.498772
-1.101962 0.000000 -28.104224
-1.098638 0.000000 -27.687582
-1.095312 0.000000 -27.252873
-1.091987 0.000000 -26.816699
-1.088662 0.000000 -26.587557
-1.085338 0.000000 -26.197160
-1.082012 0.000000 -25.742309
-1.078688 0.000000 -25.386336
-1.075362 0.000000 -25.003263
-1.072037 0.000000 -24.527783
-1.068712 0.000000 -24.207454
-1.065387 0.000000 -23.859171
-1.062062 0.000000 -23.430321
-1.058738 0.000000 -23.121101
-1.055412 0.000000 -22.693228
-1.052088 0.000000 -22.386693
-1.048763 0.000000 -22.089679
-1.045438 0.000000 -21.753237
-1.042112 0.000000 -21.524705
-1.038787 0.000000 -21.145783
-1.035462 0.000000 -20.788588
-1.032138 0.000000 -20.445066
-1.028813 0.000000 -20.122174
-1.025488 0.000000 -19.833217
-1.022163 0.000000 -19.508249
-1.018838 0.000000 -19.157647
-1.015513 0.000000 -18.928871
-1.012188 0.000000 -18.577292
-1.008862 0.000000 -18.312261
-1.005537 0.000000 -17.973988
-1.002212 0.000000 -17.581027
-0.998887 0.000000 -17.427690
-0.995562 0.000000 -17.099183
-0.992237 0.000000 -16.810226
-0.988912 0.000000 -16.525297
-0.985588 0.000000 -16.299573
-0.982262 0.000000 -15.966671
-0.978938 0.000000 -15.704569
-0.975612 0.000000 -15.557092
-0.972287 0.000000 -15.205147
-0.968963 0.000000 -14.981864
-0.965638 0.000000 -14.656286
-0.962313 0.000001 -14.429829
-0.958988 0.000001 -14.245609
-0.955662 0.000001 -13.977526
-0.952338 0.000001 -13.738374
-0.949013 0.000001 -13.547683
-0.945688 0.000002 -13.329771
-0.942363 0.000002 -13.126142
-0.939037 0.000003 -12.891872
-0.935713 0.000003 -12.584849
-0.932388 0.000004 -12.416620
-0.929063 0.000005 -12.111306
-0.925737 0.000007 -11.903526
-0.922412 0.000008 -11.703924
-0.919087 0.000010 -11.501515
-0.915762 0.000013 -11.266513
-0.912437 0.000014 -11.141619
-0.909112 0.000017 -10.958253
-0.905787 0.000022 -10.721298
-0.902463 0.000026 -10.552581
-0.899137 0.000031 -10.383619
-0.895813 0.000041 -10.095272
-0.892487 0.000049 -9.933635
-0.889162 0.000062 -9.694971
-0.885838 0.000072 -9.532235
-0.882513 0.000088 -9.339225
-0.879188 0.000104 -9.175757
-0.875863 0.000135 -8.908773
-0.872537 0.000154 -8.776188
-0.869213 0.000189 -8.576098
-0.865888 0.000237 -8.347932
-0.862563 0.000271 -8.214127
-0.859238 0.000318 -8.053466
-0.855913 0.000361 -7.926985
-0.852588 0.000453 -7.699429
-0.849263 0.000528 -7.546337
-0.845938 0.000656 -7.329279
-0.842612 0.000738 -7.211099
-0.839287 0.000860 -7.058372
-0.835962 0.000997 -6.910285
-0.832637 0.001199 -6.726186
-0.829312 0.001368 -6.594700
-0.825987 0.001544 -6.473468
-0.822662 0.001669 -6.395327
-0.819338 0.002075 -6.177659
-0.816012 0.002360 -6.048980
-0.812688 0.002732 -5.902846
-0.809362 0.003042 -5.795163
-0.806037 0.003423 -5.677349
-0.802713 0.004148 -5.485194
-0.799388 0.004347 -5.438303
-0.796063 0.005231 -5.253105
-0.792738 0.005851 -5.141151
-0.789412 0.006684 -5.008078
-0.786088 0.007783 -4.855839
-0.782763 0.008961 -4.714832
-0.779438 0.010076 -4.597628
-0.776113 0.010747 -4.533158
-0.772788 0.012255 -4.401794
-0.769463 0.013751 -4.286666
-0.766138 0.015710 -4.153471
-0.762813 0.017317 -4.056042
-0.759487 0.019452 -3.939815
-0.756162 0.021555 -3.837137
-0.752837 0.023895 -3.734093
-0.749512 0.026801 -3.619331
-0.746187 0.029579 -3.520682
-0.742862 0.032451 -3.428014
-0.739537 0.036278 -3.316547
-0.736213 0.039174 -3.239749
-0.732887 0.042779 -3.151720
-0.729562 0.047782 -3.041107
-0.726237 0.050927 -2.977370
-0.722912 0.053744 -2.923521
-0.719588 0.060627 -2.803021
-0.716263 0.063654 -2.754299
-0.712938 0.068617 -2.679209
-0.709613 0.076074 -2.576043
-0.706287 0.080893 -2.514625
-0.702963 0.082369 -2.496543
-0.699638 0.095226 -2.351507
-0.696313 0.099870 -2.303883
-0.692988 0.108954 -2.216830
-0.689663 0.119972 -2.120500
-0.686338 0.125885 -2.072388
-0.683013 0.134612 -2.005355
-0.679688 0.145678 -1.926359
-0.676362 0.153662 -1.872998
-0.673037 0.163236 -1.812557
-0.669712 0.179875 -1.715495
-0.666387 0.190802 -1.656518
-0.663062 0.202764 -1.595711
-0.659737 0.211748 -1.552360
-0.656412 0.223490 -1.498388
-0.653088 0.231689 -1.462361
-0.649762 0.250703 -1.383487
-0.646437 0.267267 -1.319506
-0.643112 0.271746 -1.302888
-0.639787 0.288466 -1.243179
-0.636463 0.297047 -1.213866
-0.633138 0.309678 -1.172223
-0.629812 0.341660 -1.073940
-0.626488 0.366240 -1.004466
-0.623163 0.372514 -0.987482
-0.619838 0.380238 -0.966958
-0.616513 0.399320 -0.917991
-0.613188 0.421722 -0.863409
-0.609863 0.413067 -0.884145
-0.606538 0.437520 -0.826633
-0.603213 0.467511 -0.760333
-0.599888 0.469348 -0.756410
-0.596562 0.502134 -0.688889
-0.593237 0.525021 -0.644317
-0.589912 0.546611 -0.604017
-0.586587 0.559515 -0.580685
-0.583263 0.578273 -0.547710
-0.579938 0.593515 -0.521692
-0.576612 0.597232 -0.515450
-0.573287 0.635993 -0.452568
-0.569962 0.667177 -0.404700
-0.566637 0.685432 -0.377706
-0.563312 0.687790 -0.374271
-0.559987 0.730286 -0.314319
-0.556662 0.738817 -0.302705
-0.553338 0.751564 -0.285599
-0.550013 0.752402 -0.284484
-0.546687 0.769412 -0.262129
-0.543362 0.776217 -0.253323
-0.540038 0.790574 -0.234996
-0.536713 0.808841 -0.212153
-0.533388 0.817091 -0.202005
-0.530062 0.824720 -0.192711
-0.526737 0.833336 -0.182319
-0.523412 0.872064 -0.136892
-0.520087 0.865820 -0.144078
-0.516763 0.893755 -0.112323
-0.513437 0.909398 -0.094973
-0.510113 0.867874 -0.141709
-0.506788 0.892491 -0.113739
-0.503463 0.917471 -0.086134
-0.500138 0.944994 -0.056577
-0.496813 0.940636 -0.061199
-0.493488 0.947104 -0.054347
-0.490163 0.980530 -0.019662
-0.486837 0.940223 -0.061638
-0.483513 0.936458 -0.065650
-0.480187 0.992742 -0.007284
-0.476863 0.969525 -0.030949
-0.473538 0.923337 -0.079761
-0.470213 0.946865 -0.054598
-0.466888 0.962027 -0.038713
-0.463563 1.000000 0.000000
-0.460238 0.965117 -0.035506
-0.456913 0.924992 -0.077970
-0.453588 0.924669 -0.078320
-0.450262 0.930913 -0.071590
-0.446937 0.912699 -0.091349
-0.443612 0.913718 -0.090234
-0.440287 0.942508 -0.059211
-0.436962 0.875851 -0.132559
-0.433637 0.907648 -0.096898
-0.430312 0.886637 -0.120319
-0.426988 0.846669 -0.166446
-0.423663 0.840299 -0.173997
-0.420338 0.841339 -0.172760
-0.417013 0.826592 -0.190444
-0.413688 0.807950 -0.213255
-0.410363 0.827528 -0.189313
-0.407037 0.808865 -0.212123
-0.403712 0.764616 -0.268381
-0.400388 0.767528 -0.264581
-0.397062 0.744380 -0.295204
-0.393738 0.758703 -0.276145
-0.390412 0.746315 -0.292608
-0.387088 0.715898 -0.334217
-0.383763 0.718273 -0.330905
-0.380438 0.711913 -0.339800
-0.377113 0.704490 -0.350281
-0.373788 0.715246 -0.335128
-0.370463 0.694183 -0.365019
-0.367137 0.670213 -0.400159
-0.363812 0.673916 -0.394649
-0.360487 0.650726 -0.429667
-0.357162 0.652964 -0.426233
-0.353837 0.616341 -0.483956
-0.350512 0.582268 -0.540824
-0.347187 0.587490 -0.531896
-0.343863 0.569563 -0.562886
-0.340538 0.542231 -0.612064
-0.337213 0.525621 -0.643175
-0.333888 0.499482 -0.694184
-0.330563 0.480531 -0.732864
-0.327238 0.475752 -0.742858
-0.323912 0.451707 -0.794721
-0.320587 0.432716 -0.837673
-0.317263 0.416095 -0.876842
-0.313937 0.419365 -0.869013
-0.310613 0.392620 -0.934914
-0.307287 0.388953 -0.944297
-0.303963 0.362063 -1.015936
-0.300638 0.350074 -1.049611
-0.297313 0.336750 -1.088413
-0.293988 0.321296 -1.135394
-0.290663 0.307187 -1.180299
-0.287338 0.290276 -1.236923
-0.284013 0.284111 -1.258391
-0.280687 0.261995 -1.339430
-0.277362 0.251471 -1.380429
-0.274037 0.238790 -1.432170
-0.270712 0.237167 -1.438990
-0.267387 0.229146 -1.473397
-0.264062 0.231794 -1.461906
-0.260738 0.219542 -1.516211
-0.257412 0.207431 -1.572957
-0.254088 0.198516 -1.616886
-0.250762 0.191521 -1.652759
-0.247438 0.182352 -1.701814
-0.244113 0.177350 -1.729630
-0.240787 0.164385 -1.805541
-0.237462 0.156554 -1.854353
-0.234137 0.150761 -1.892056
-0.230812 0.140888 -1.959789
-0.227488 0.134866 -2.003474
-0.224162 0.126651 -2.066324
-0.220838 0.120823 -2.113426
-0.217512 0.115292 -2.160285
-0.214188 0.107558 -2.229727
-0.210863 0.102684 -2.276097
-0.207537 0.096547 -2.337726
-0.204212 0.088274 -2.427309
-0.200887 0.086136 -2.451829
-0.197563 0.079073 -2.537384
-0.194238 0.073490 -2.610610
-0.190913 0.070323 -2.654661
-0.187587 0.066997 -2.703106
-0.184262 0.061549 -2.787929
-0.180938 0.056165 -2.879465
-0.177613 0.050575 -2.984307
-0.174288 0.047159 -3.054237
-0.170962 0.042939 -3.147970
-0.167637 0.038869 -3.247563
-0.164312 0.035538 -3.337146
-0.160987 0.033057 -3.409518
-0.157663 0.029781 -3.513871
-0.154338 0.026893 -3.615906
-0.151012 0.024957 -3.690596
-0.147687 0.022271 -3.804472
-0.144363 0.019746 -3.924817
-0.141038 0.017039 -4.072261
-0.137713 0.014847 -4.209940
-0.134387 0.012793 -4.358849
-0.131062 0.010917 -4.517402
-0.127738 0.009318 -4.675833
-0.124412 0.007920 -4.838414
-0.121087 0.006860 -4.982075
-0.117763 0.005861 -5.139407
-0.114438 0.004889 -5.320787
-0.111113 0.004144 -5.486054
-0.107788 0.003489 -5.658157
-0.104462 0.002901 -5.842588
-0.101137 0.002369 -6.045087
-0.097812 0.001986 -6.221462
-0.094488 0.001553 -6.467417
-0.091163 0.001253 -6.682489
-0.087837 0.001025 -6.882668
-0.084512 0.000844 -7.077109
-0.081187 0.000666 -7.314764
-0.077863 0.000539 -7.526173
-0.074538 0.000409 -7.802768
-0.071213 0.000321 -8.045427
-0.067888 0.000249 -8.296510
-0.064562 0.000180 -8.623520
-0.061238 0.000139 -8.884001
-0.057912 0.000101 -9.195630
-0.054588 0.000075 -9.492611
-0.051262 0.000054 -9.834880
-0.047937 0.000040 -10.124048
-0.044613 0.000029 -10.458260
-0.041288 0.000020 -10.820792
-0.037962 0.000014 -11.142553
-0.034638 0.000010 -11.538899
-0.031312 0.000006 -11.944767
-0.027987 0.000004 -12.353808
-0.024663 0.000003 -12.725984
-0.021337 0.000002 -13.193985
-0.018012 0.000001 -13.619628
-0.014687 0.000001 -14.058332
-0.011363 0.000000 -14.548306
-0.008037 0.000000 -15.045970
-0.004712 0.000000 -15.566584
-0.001388 0.000000 -16.095498
0.001937 0.000000 -16.662376
0.005263 0.000000 -17.182013
0.008587 0.000000 -17.789418
0.011913 0.000000 -18.393772
0.015238 0.000000 -18.982867
0.018562 0.000000 -19.610292
0.021887 0.000000 -20.268479
0.025212 0.000000 -20.957305
0.028538 0.000000 -21.628187
0.031862 0.000000 -22.317502
0.035187 0.000000 -23.035625
0.038512 0.000000 -23.749476
0.041837 0.000000 -24.510324
0.045162 0.000000 -25.264213
0.048487 0.000000 -26.038367
0.051812 0.000000 -26.841085
0.055137 0.000000 -27.624638
0.058462 0.000000 -28.438220
0.061788 0.000000 -29.221651
0.065113 0.000000 -30.061967
0.068437 0.000000 -30.902160
0.071762 0.000000 -31.753462
0.075087 0.000000 -32.651273
0.078412 0.000000 -33.492077
0.081738 0.000000 -34.383052
0.085063 0.000000 -35.302835
0.088388 0.000000 -36.182457
0.091713 0.000000 -37.103705
0.095037 0.000000 -38.029592
0.098362 0.000000 -38.989781
0.101688 0.000000 -5191.594867
0.105013 0.000000 -5192.206667
0.108338 0.000000 -5192.818467
