-1.517962 0.000000 -4927.576031
-1.513888 0.000000 -4928.965606
-1.509812 0.037341 -3.287676
-1.505737 0.058670 -2.835820
-1.501662 0.074544 -2.596367
-1.497588 0.096145 -2.341899
-1.493513 0.112372 -2.185942
-1.489438 0.151964 -1.884111
-1.485362 0.200942 -1.604740
-1.481287 0.274541 -1.292655
-1.477213 0.267776 -1.317606
-1.473137 0.306056 -1.183988
-1.469062 0.363743 -1.011307
-1.464988 0.495034 -0.703128
-1.460913 0.579503 -0.545584
-1.456838 0.661620 -0.413064
-1.452762 0.691647 -0.368679
-1.448687 0.728708 -0.316482
-1.444613 0.776900 -0.252443
-1.440537 0.816434 -0.202809
-1.436463 0.847880 -0.165016
-1.432388 0.851365 -0.160914
-1.428313 0.880924 -0.126783
-1.424237 0.966515 -0.034059
-1.420163 0.984087 -0.016041
-1.416087 0.950625 -0.050635
-1.412013 0.913494 -0.090479
-1.407937 0.965973 -0.034619
-1.403862 1.000000 0.000000
-1.399787 0.995445 -0.004565
-1.395713 0.988978 -0.011084
-1.391637 0.983512 -0.016625
-1.387563 0.908890 -0.095531
-1.383487 0.926997 -0.075805
-1.379412 0.882347 -0.125170
-1.375337 0.915996 -0.087743
-1.371262 0.814167 -0.205589
-1.367188 0.641752 -0.443553
-1.363113 0.626932 -0.466917
-1.359038 0.550611 -0.596726
-1.354963 0.487196 -0.719089
-1.350888 0.424038 -0.857932
-1.346812 0.366509 -1.003733
-1.342738 0.303128 -1.193601
-1.338662 0.247787 -1.395187
-1.334588 0.216350 -1.530856
-1.330513 0.181201 -1.708151
-1.326438 0.152300 -1.881905
-1.322362 0.118837 -2.130001
-1.318288 0.098695 -2.315719
-1.314212 0.077284 -2.560274
-1.310138 0.066133 -2.716084
-1.306062 0.055946 -2.883369
-1.301987 0.042280 -3.163447
-1.297912 0.035619 -3.334883
-1.293838 0.028560 -3.555756
-1.289762 0.023105 -3.767719
-1.285688 0.018270 -4.002509
-1.281613 0.014033 -4.266352
-1.277537 0.010242 -4.581220
-1.273462 0.007782 -4.855926
-1.269387 0.005670 -5.172503
-1.265313 0.004236 -5.464178
-1.261238 0.003271 -5.722649
-1.257162 0.002457 -6.008953
-1.253088 0.001865 -6.284514
-1.249013 0.001302 -6.643694
-1.244938 0.000905 -7.007268
-1.240862 0.000655 -7.330681
-1.236788 0.000461 -7.681926
-1.232712 0.000338 -7.992277
-1.228637 0.000244 -8.317765
-1.224562 0.000170 -8.677555
-1.220488 0.000117 -9.052604
-1.216412 0.000086 -9.366983
-1.212338 0.000060 -9.717618
-1.208262 0.000042 -10.081314
-1.204187 0.000029 -10.448794
-1.200113 0.000020 -10.819082
-1.196038 0.000013 -11.213540
-1.191962 0.000009 -11.629848
-1.187887 0.000006 -12.031996
-1.183812 0.000004 -12.419985
-1.179737 0.000003 -12.881703
-1.175663 0.000002 -13.287758
-1.171588 0.000001 -13.630458
-1.167512 0.000001 -14.095472
-1.163437 0.000000 -14.530457
-1.159363 0.000000 -14.983387
-1.155288 0.000000 -15.381995
-1.151212 0.000000 -15.890955
-1.147138 0.000000 -16.260144
-1.143063 0.000000 -16.723083
-1.138988 0.000000 -17.214709
-1.134912 0.000000 -17.581579
-1.130837 0.000000 -18.014245
-1.126762 0.000000 -18.453258
-1.122688 0.000000 -18.927916
-1.118613 0.000000 -19.360216
-1.114537 0.000000 -19.833165
-1.110462 0.000000 -20.276573
-1.106387 0.000000 -20.778575
-1.102313 0.000000 -21.320005
-1.098238 0.000000 -21.815049
-1.094163 0.000000 -22.326816
-1.090087 0.000000 -22.841147
-1.086012 0.000000 -23.347543
-1.081937 0.000000 -23.886044
-1.077862 0.000000 -24.411361
-1.073787 0.000000 -24.864413
-1.069713 0.000000 -25.455282
-1.065638 0.000000 -26.005257
-1.061562 0.000000 -26.533626
-1.057487 0.000000 -27.086409
-1.053413 0.000000 -27.647615
-1.049338 0.000000 -28.189778
-1.045262 0.000000 -28.741951
-1.041188 0.000000 -29.337702
-1.037113 0.000000 -29.898298
-1.033038 0.000000 -30.449738
-1.028963 0.000000 -31.029987
-1.024887 0.000000 -31.557013
-1.020812 0.000000 -32.232599
-1.016738 0.000000 -32.792096
-1.012663 0.000000 -33.349273
-1.008587 0.000000 -33.941607
-1.004512 0.000000 -34.555669
-1.000438 0.000000 -35.132500
-0.996363 0.000000 -35.736553
-0.992288 0.000000 -36.341826
-0.988212 0.000000 -36.956010
-0.984137 0.000000 -37.587285
-0.980062 0.000000 -38.185966
-0.975988 0.000000 -38.789164
-0.971912 0.000000 -39.431425
-0.967838 0.000000 -40.067948
-0.963762 0.000000 -40.743778
-0.959688 0.000000 -41.347098
-0.955612 0.000000 -41.907571
-0.951538 0.000000 -42.593167
-0.947462 0.000000 -43.227981
-0.943388 0.000000 -43.899661
-0.939313 0.000000 -44.509450
-0.935238 0.000000 -45.180764
-0.931163 0.000000 -45.839992
-0.927087 0.000000 -46.501906
-0.923012 0.000000 -47.185182
-0.918937 0.000000 -47.916310
-0.914863 0.000000 -48.603126
-0.910787 0.000000 -49.277125
-0.906713 0.000000 -49.930372
-0.902637 0.000000 -50.673340
-0.898563 0.000000 -51.362354
-0.894488 0.000000 -52.043921
-0.890413 0.000000 -52.786767
-0.886337 0.000000 -53.496533
-0.882262 0.000000 -54.192504
-0.878187 0.000000 -54.912157
-0.874112 0.000000 -55.611059
-0.870038 0.000000 -56.323998
-0.865962 0.000000 -57.080028
-0.861888 0.000000 -57.764891
-0.857812 0.000000 -58.519945
-0.853738 0.000000 -59.210057
-0.849662 0.000000 -59.986106
-0.845588 0.000000 -60.728098
-0.841512 0.000000 -61.460569
-0.837438 0.000000 -62.183029
-0.833363 0.000000 -62.961765
-0.829288 0.000000 -63.713278
-0.825212 0.000000 -64.455392
-0.821137 0.000000 -65.206173
-0.817062 0.000000 -65.960372
-0.812987 0.000000 -66.722994
-0.808913 0.000000 -67.485982
-0.804837 0.000000 -68.261299
-0.800763 0.000000 -69.048946
-0.796688 0.000000 -69.849165
-0.792613 0.000000 -70.619844
-0.788538 0.000000 -71.433247
-0.784462 0.000000 -72.256416
-0.780387 0.000000 -72.999995
-0.776312 0.000000 -73.791669
-0.772237 0.000000 -74.598969
-0.768162 0.000000 -75.352679
-0.764088 0.000000 -76.161200
-0.760012 0.000000 -76.984002
-0.755938 0.000000 -77.829754
-0.751862 0.000000 -78.600066
-0.747788 0.000000 -79.372332
-0.743712 0.000000 -80.190129
-0.739638 0.000000 -81.002556
-0.735563 0.000000 -81.839397
-0.731488 0.000000 -82.643522
-0.727413 0.000000 -83.446305
-0.723337 0.000000 -84.267277
-0.719262 0.000000 -85.111076
-0.715187 0.000000 -85.955485
-0.711113 0.000000 -86.734220
-0.707037 0.000000 -87.589127
-0.702963 0.000000 -88.417178
-0.698887 0.000000 -89.286246
-0.694813 0.000000 -90.115762
-0.690738 0.000000 -90.959805
-0.686662 0.000000 -91.790908
-0.682587 0.000000 -92.624209
-0.678512 0.000000 -93.461537
-0.674437 0.000000 -94.326821
-0.670362 0.000000 -95.204311
-0.666287 0.000000 -96.038710
-0.662212 0.000000 -96.891053
-0.658138 0.000000 -97.734730
-0.654062 0.000000 -98.615638
-0.649988 0.000000 -99.479212
-0.645913 0.000000 -100.335340
-0.641838 0.000000 -101.196106
-0.637763 0.000000 -102.080066
-0.633688 0.000000 -102.981604
-0.629613 0.000000 -103.861657
-0.625538 0.000000 -104.730724
-0.621463 0.000000 -105.684264
-0.617387 0.000000 -106.574938
-0.613312 0.000000 -107.422277
-0.609237 0.000000 -108.336998
-0.605163 0.000000 -109.234019
-0.601087 0.000000 -110.099180
-0.597013 0.000000 -110.997178
-0.592938 0.000000 -111.894810
-0.588863 0.000000 -112.808677
-0.584788 0.000000 -113.732187
-0.580712 0.000000 -114.606015
-0.576637 0.000000 -115.535019
-0.572562 0.000000 -116.444736
-0.568487 0.000000 -117.358847
-0.564412 0.000000 -118.290780
-0.560337 0.000000 -119.206600
-0.556262 0.000000 -120.136092
-0.552188 0.000000 -121.082796
-0.548113 0.000000 -122.023274
-0.544038 0.000000 -122.920662
-0.539963 0.000000 -123.877131
-0.535888 0.000000 -124.800276
-0.531813 0.000000 -125.763337
-0.527738 0.000000 -126.696247
-0.523662 0.000000 -127.646857
-0.519587 0.000000 -128.583551
-0.515512 0.000000 -129.527081
-0.511437 0.000000 -130.469757
-0.507362 0.000000 -131.424884
-0.503287 0.000000 -132.377447
-0.499213 0.000000 -133.338555
-0.495138 0.000000 -134.285015
-0.491063 0.000000 -135.225371
-0.486988 0.000000 -136.191118
-0.482913 0.000000 -137.133550
-0.478838 0.000000 -138.093071
-0.474762 0.000000 -139.106059
-0.470687 0.000000 -140.045805
-0.466612 0.000000 -141.016190
-0.462537 0.000000 -142.009769
-0.458462 0.000000 -142.993583
-0.454387 0.000000 -143.958963
-0.450313 0.000000 -144.939603
-0.446238 0.000000 -145.927566
-0.442163 0.000000 -146.893435
-0.438088 0.000000 -147.873831
-0.434013 0.000000 -148.874490
-0.429938 0.000000 -149.859768
-0.425863 0.000000 -150.869948
-0.421787 0.000000 -151.888063
-0.417712 0.000000 -152.879567
-0.413637 0.000000 -153.859718
-0.409562 0.000000 -154.886500
-0.405488 0.000000 -155.900587
-0.401413 0.000000 -156.915406
-0.397338 0.000000 -157.936817
-0.393263 0.000000 -158.946143
-0.389188 0.000000 -159.998071
-0.385113 0.000000 -160.997632
-0.381038 0.000000 -162.028564
-0.376963 0.000000 -163.027392
-0.372887 0.000000 -164.032934
-0.368812 0.000000 -165.027978
-0.364737 0.000000 -166.076488
-0.360662 0.000000 -167.114989
-0.356588 0.000000 -168.154955
-0.352513 0.000000 -169.175755
-0.348438 0.000000 -170.212181
-0.344363 0.000000 -171.257518
-0.340288 0.000000 -172.323484
-0.336213 0.000000 -173.344163
-0.332138 0.000000 -174.384495
-0.328063 0.000000 -175.428244
-0.323988 0.000000 -176.473459
-0.319912 0.000000 -177.529904
-0.315837 0.000000 -178.574753
-0.311763 0.000000 -179.636325
-0.307687 0.000000 -180.690939
-0.303613 0.000000 -181.745064
-0.299538 0.000000 -182.812252
-0.295463 0.000000 -183.879927
-0.291388 0.000000 -184.982027
-0.287313 0.000000 -186.033101
-0.283237 0.000000 -187.069648
-0.279162 0.000000 -188.152827
-0.275087 0.000000 -189.178632
-0.271012 0.000000 -190.283051
-0.266937 0.000000 -191.351459
-0.262862 0.000000 -192.425482
-0.258788 0.000000 -193.496698
-0.254713 0.000000 -194.585248
-0.250638 0.000000 -195.666595
-0.246562 0.000000 -196.738909
-0.242488 0.000000 -197.805853
-0.238412 0.000000 -198.870843
-0.234337 0.000000 -199.958782
-0.230262 0.000000 -201.030974
-0.226187 0.000000 -202.151750
-0.222112 0.000000 -203.214665
-0.218037 0.000000 -204.292595
-0.213963 0.000000 -205.368815
-0.209888 0.000000 -206.473112
-0.205813 0.000000 -207.547379
-0.201737 0.000000 -208.657657
-0.197662 0.000000 -209.761221
-0.193587 0.000000 -210.843790
-0.189513 0.000000 -211.959195
-0.185438 0.000000 -213.073501
-0.181362 0.000000 -214.150088
-0.177287 0.000000 -215.269155
-0.173212 0.000000 -216.373940
-0.169137 0.000000 -217.488491
-0.165063 0.000000 -218.614394
-0.160988 0.000000 -219.767274
-0.156913 0.000000 -220.838368
-0.152837 0.000000 -222.009071
-0.148763 0.000000 -223.111048
-0.144687 0.000000 -224.229383
-0.140613 0.000000 -225.347474
-0.136538 0.000000 -226.470569
-0.132463 0.000000 -227.625647
-0.128387 0.000000 -228.726770
-0.124312 0.000000 -229.840588
-0.120237 0.000000 -230.931335
-0.116163 0.000000 -232.045763
-0.112088 0.000000 -233.180700
-0.108013 0.000000 -234.310875
-0.103938 0.000000 -235.442516
-0.099863 0.000000 -236.583556
-0.095787 0.000000 -237.752305
-0.091713 0.000000 -238.858433
-0.087637 0.000000 -239.995567
-0.083562 0.000000 -241.103159
-0.079488 0.000000 -242.271665
-0.075413 0.000000 -243.425400
-0.071337 0.000000 -244.581821
-0.067262 0.000000 -245.743491
-0.063187 0.000000 -246.890268
-0.059112 0.000000 -248.041317
-0.055038 0.000000 -249.188339
-0.050963 0.000000 -250.371859
-0.046887 0.000000 -251.535848
-0.042813 0.000000 -252.727547
-0.038738 0.000000 -253.953426
-0.034662 0.000000 -255.148054
-0.030588 0.000000 -256.391023
-0.026513 0.000000 -257.595417
-0.022438 0.000000 -258.886604
-0.018362 0.000000 -260.105769
-0.014287 0.000000 -261.414045
-0.010212 0.000000 -262.715119
-0.006137 0.000000 -264.050861
-0.002063 0.000000 -265.415533
0.002012 0.000000 -266.801935
0.006087 0.000000 -268.214703
0.010163 0.000000 -269.630889
0.014238 0.000000 -271.099444
0.018312 0.000000 -272.561651
0.022388 0.000000 -274.092339
0.026462 0.000000 -275.582256
0.030537 0.000000 -277.176787
0.034613 0.000000 -278.716020
0.038687 0.000000 -280.318608
0.042762 0.000000 -281.900565
0.046837 0.000000 -283.530497
0.050913 0.000000 -285.143827
0.054987 0.000000 -286.778885
0.059062 0.000000 -288.427615
0.063138 0.000000 -290.059378
0.067212 0.000000 -291.700296
0.071288 0.000000 -293.335842
0.075363 0.000000 -294.974319
0.079437 0.000000 -296.667483
0.083513 0.000000 -298.315603
0.087587 0.000000 -299.979470
0.091663 0.000000 -301.657008
0.095738 0.000000 -303.331496
0.099812 0.000000 -305.553102
0.103887 0.000000 -5480.626881
0.107963 0.000000 -5482.016456
