-1.537937 0.000000 -4958.443557
-1.533813 0.000000 -4959.796557
-1.529688 0.000943 -6.966451
-1.525562 0.002274 -6.086297
-1.521438 0.003297 -5.714687
-1.517313 0.004699 -5.360412
-1.513188 0.005783 -5.152865
-1.509062 0.008417 -4.777472
-1.504937 0.012094 -4.415018
-1.500813 0.017079 -4.069897
-1.496687 0.021396 -3.844528
-1.492563 0.028367 -3.562519
-1.488438 0.037554 -3.281974
-1.484313 0.052421 -2.948450
-1.480188 0.065800 -2.721128
-1.476062 0.089317 -2.415559
-1.471938 0.118735 -2.130863
-1.467812 0.144014 -1.937843
-1.463687 0.177839 -1.726878
-1.459562 0.223202 -1.499678
-1.455437 0.293724 -1.225114
-1.451313 0.374316 -0.982655
-1.447188 0.403904 -0.906578
-1.443063 0.468321 -0.758602
-1.438938 0.509801 -0.673735
-1.434812 0.562663 -0.575075
-1.430687 0.648192 -0.433568
-1.426562 0.713659 -0.337350
-1.422437 0.766040 -0.266521
-1.418313 0.841764 -0.172256
-1.414188 0.842095 -0.171862
-1.410063 0.889671 -0.116903
-1.405938 0.888827 -0.117853
-1.401812 0.987117 -0.012967
-1.397688 1.000000 0.000000
-1.393562 0.994792 -0.005222
-1.389437 0.988404 -0.011664
-1.385312 0.989396 -0.010660
-1.381188 0.964618 -0.036023
-1.377063 0.901785 -0.103379
-1.372937 0.849969 -0.162556
-1.368813 0.918163 -0.085380
-1.364688 0.890917 -0.115504
-1.360562 0.884116 -0.123167
-1.356437 0.826729 -0.190278
-1.352312 0.769020 -0.262639
-1.348188 0.676443 -0.390907
-1.344062 0.640304 -0.445812
-1.339938 0.620470 -0.477278
-1.335813 0.521355 -0.651323
-1.331687 0.491758 -0.709768
-1.327562 0.414518 -0.880639
-1.323438 0.401776 -0.911861
-1.319312 0.366591 -1.003509
-1.315188 0.316802 -1.149478
-1.311063 0.275957 -1.287512
-1.306938 0.223837 -1.496835
-1.302812 0.198169 -1.618634
-1.298687 0.158830 -1.839920
-1.294563 0.123852 -2.088672
-1.290437 0.101483 -2.287863
-1.286312 0.084909 -2.466181
-1.282188 0.065263 -2.729337
-1.278063 0.052627 -2.944520
-1.273937 0.040057 -3.217441
-1.269813 0.031015 -3.473273
-1.265688 0.024662 -3.702494
-1.261562 0.020277 -3.898268
-1.257437 0.015434 -4.171189
-1.253313 0.011227 -4.489399
-1.249188 0.009004 -4.710075
-1.245062 0.007021 -4.958827
-1.240938 0.005545 -5.194884
-1.236813 0.004136 -5.488069
-1.232687 0.003109 -5.773564
-1.228563 0.002311 -6.070046
-1.224437 0.001722 -6.364452
-1.220312 0.001248 -6.686080
-1.216187 0.000952 -6.957171
-1.212063 0.000675 -7.300649
-1.207937 0.000500 -7.600549
-1.203812 0.000355 -7.943783
-1.199688 0.000249 -8.299713
-1.195563 0.000181 -8.616092
-1.191437 0.000129 -8.954810
-1.187312 0.000094 -9.276437
-1.183187 0.000063 -9.664716
-1.179062 0.000046 -9.985611
-1.174937 0.000031 -10.387195
-1.170813 0.000020 -10.840659
-1.166688 0.000014 -11.201838
-1.162562 0.000010 -11.556059
-1.158438 0.000006 -11.962770
-1.154313 0.000004 -12.418064
-1.150188 0.000003 -12.846870
-1.146062 0.000002 -13.235881
-1.141938 0.000001 -13.676039
-1.137812 0.000001 -14.060899
-1.133687 0.000001 -14.447469
-1.129563 0.000000 -14.903130
-1.125438 0.000000 -15.272121
-1.121312 0.000000 -15.716674
-1.117188 0.000000 -16.172823
-1.113063 0.000000 -16.567693
-1.108937 0.000000 -17.039468
-1.104812 0.000000 -17.514294
-1.100688 0.000000 -18.059188
-1.096563 0.000000 -18.459430
-1.092437 0.000000 -18.911917
-1.088313 0.000000 -19.344385
-1.084187 0.000000 -19.857053
-1.080062 0.000000 -20.364960
-1.075937 0.000000 -20.827213
-1.071813 0.000000 -21.383826
-1.067688 0.000000 -21.845103
-1.063562 0.000000 -22.376081
-1.059438 0.000000 -22.841508
-1.055313 0.000000 -23.353810
-1.051188 0.000000 -23.899559
-1.047063 0.000000 -24.401729
-1.042938 0.000000 -24.938078
-1.038812 0.000000 -25.481020
-1.034687 0.000000 -25.981358
-1.030563 0.000000 -26.516731
-1.026437 0.000000 -27.054180
-1.022312 0.000000 -27.613723
-1.018188 0.000000 -28.194872
-1.014063 0.000000 -28.716329
-1.009938 0.000000 -29.271111
-1.005812 0.000000 -29.855190
-1.001687 0.000000 -30.387634
-0.997562 0.000000 -31.013583
-0.993437 0.000000 -31.567145
-0.989313 0.000000 -32.140970
-0.985187 0.000000 -32.733594
-0.981062 0.000000 -33.313400
-0.976937 0.000000 -33.879291
-0.972812 0.000000 -34.508658
-0.968688 0.000000 -35.081751
-0.964563 0.000000 -35.688291
-0.960438 0.000000 -36.262482
-0.956312 0.000000 -36.889530
-0.952187 0.000000 -37.466529
-0.948063 0.000000 -38.097361
-0.943938 0.000000 -38.721235
-0.939813 0.000000 -39.305925
-0.935687 0.000000 -39.967519
-0.931562 0.000000 -40.578819
-0.927437 0.000000 -41.165340
-0.923312 0.000000 -41.812041
-0.919188 0.000000 -42.460451
-0.915063 0.000000 -43.097143
-0.910938 0.000000 -43.709176
-0.906813 0.000000 -44.367840
-0.902687 0.000000 -45.036880
-0.898562 0.000000 -45.690783
-0.894437 0.000000 -46.321127
-0.890312 0.000000 -47.012140
-0.886188 0.000000 -47.646023
-0.882062 0.000000 -48.337158
-0.877937 0.000000 -48.961398
-0.873812 0.000000 -49.614203
-0.869687 0.000000 -50.334269
-0.865563 0.000000 -51.013440
-0.861438 0.000000 -51.685166
-0.857313 0.000000 -52.369587
-0.853187 0.000000 -53.006278
-0.849063 0.000000 -53.697413
-0.844938 0.000000 -54.402464
-0.840813 0.000000 -55.110811
-0.836688 0.000000 -55.815129
-0.832562 0.000000 -56.449379
-0.828437 0.000000 -57.167735
-0.824312 0.000000 -57.875838
-0.820187 0.000000 -58.588579
-0.816063 0.000000 -59.266530
-0.811938 0.000000 -59.994042
-0.807813 0.000000 -60.741451
-0.803688 0.000000 -61.447356
-0.799562 0.000000 -62.173403
-0.795437 0.000000 -62.834509
-0.791312 0.000000 -63.591806
-0.787188 0.000000 -64.333355
-0.783063 0.000000 -65.046585
-0.778937 0.000000 -65.786182
-0.774812 0.000000 -66.541525
-0.770687 0.000000 -67.305780
-0.766563 0.000000 -68.044645
-0.762438 0.000000 -68.795594
-0.758313 0.000000 -69.554233
-0.754188 0.000000 -70.326789
-0.750062 0.000000 -71.058451
-0.745938 0.000000 -71.842115
-0.741813 0.000000 -72.582688
-0.737688 0.000000 -73.370137
-0.733563 0.000000 -74.130363
-0.729437 0.000000 -74.894740
-0.725312 0.000000 -75.643858
-0.721187 0.000000 -76.440218
-0.717062 0.000000 -77.250249
-0.712937 0.000000 -77.988747
-0.708812 0.000000 -78.827343
-0.704688 0.000000 -79.588790
-0.700563 0.000000 -80.371233
-0.696437 0.000000 -81.198354
-0.692312 0.000000 -81.988366
-0.688187 0.000000 -82.790463
-0.684063 0.000000 -83.610504
-0.679938 0.000000 -84.409305
-0.675812 0.000000 -85.205908
-0.671687 0.000000 -86.009714
-0.667562 0.000000 -86.820600
-0.663438 0.000000 -87.642350
-0.659313 0.000000 -88.435901
-0.655188 0.000000 -89.231528
-0.651063 0.000000 -90.024104
-0.646937 0.000000 -90.856962
-0.642813 0.000000 -91.696900
-0.638688 0.000000 -92.542698
-0.634562 0.000000 -93.388862
-0.630437 0.000000 -94.208659
-0.626313 0.000000 -95.082899
-0.622188 0.000000 -95.943956
-0.618063 0.000000 -96.790608
-0.613938 0.000000 -97.638359
-0.609812 0.000000 -98.466335
-0.605687 0.000000 -99.370727
-0.601562 0.000000 -100.193819
-0.597437 0.000000 -101.060003
-0.593313 0.000000 -101.897134
-0.589187 0.000000 -102.764538
-0.585062 0.000000 -103.666977
-0.580937 0.000000 -104.508258
-0.576812 0.000000 -105.384085
-0.572688 0.000000 -106.252588
-0.568562 0.000000 -107.116452
-0.564437 0.000000 -108.008148
-0.560312 0.000000 -108.922062
-0.556188 0.000000 -109.773719
-0.552063 0.000000 -110.668223
-0.547938 0.000000 -111.536481
-0.543813 0.000000 -112.384110
-0.539687 0.000000 -113.320606
-0.535563 0.000000 -114.210838
-0.531438 0.000000 -115.110713
-0.527313 0.000000 -116.006560
-0.523187 0.000000 -116.923524
-0.519062 0.000000 -117.835729
-0.514937 0.000000 -118.709847
-0.510813 0.000000 -119.585796
-0.506688 0.000000 -120.496047
-0.502563 0.000000 -121.394457
-0.498437 0.000000 -122.305318
-0.494313 0.000000 -123.219354
-0.490187 0.000000 -124.133999
-0.486063 0.000000 -125.022644
-0.481937 0.000000 -125.968295
-0.477812 0.000000 -126.887945
-0.473687 0.000000 -127.804666
-0.469562 0.000000 -128.745679
-0.465437 0.000000 -129.702194
-0.461312 0.000000 -130.592426
-0.457188 0.000000 -131.552237
-0.453063 0.000000 -132.507044
-0.448938 0.000000 -133.442441
-0.444813 0.000000 -134.375642
-0.440688 0.000000 -135.314823
-0.436563 0.000000 -136.283790
-0.432438 0.000000 -137.234812
-0.428312 0.000000 -138.159956
-0.424188 0.000000 -139.126359
-0.420062 0.000000 -140.087147
-0.415938 0.000000 -141.036949
-0.411812 0.000000 -142.022273
-0.407687 0.000000 -142.961089
-0.403563 0.000000 -143.915529
-0.399438 0.000000 -144.909032
-0.395313 0.000000 -145.862130
-0.391188 0.000000 -146.820599
-0.387062 0.000000 -147.801406
-0.382938 0.000000 -148.752185
-0.378812 0.000000 -149.749838
-0.374688 0.000000 -150.750055
-0.370562 0.000000 -151.740140
-0.366437 0.000000 -152.696411
-0.362312 0.000000 -153.726657
-0.358187 0.000000 -154.683539
-0.354063 0.000000 -155.674967
-0.349938 0.000000 -156.693738
-0.345813 0.000000 -157.680405
-0.341688 0.000000 -158.696857
-0.337563 0.000000 -159.678642
-0.333437 0.000000 -160.676417
-0.329313 0.000000 -161.659910
-0.325187 0.000000 -162.686372
-0.321063 0.000000 -163.668400
-0.316938 0.000000 -164.704628
-0.312812 0.000000 -165.682140
-0.308688 0.000000 -166.699935
-0.304562 0.000000 -167.705889
-0.300438 0.000000 -168.760549
-0.296313 0.000000 -169.743310
-0.292187 0.000000 -170.816646
-0.288062 0.000000 -171.786102
-0.283937 0.000000 -172.808901
-0.279812 0.000000 -173.830114
-0.275688 0.000000 -174.859506
-0.271562 0.000000 -175.894146
-0.267438 0.000000 -176.924271
-0.263313 0.000000 -177.975635
-0.259188 0.000000 -179.026145
-0.255063 0.000000 -180.041498
-0.250937 0.000000 -181.094815
-0.246812 0.000000 -182.138001
-0.242688 0.000000 -183.182041
-0.238562 0.000000 -184.240363
-0.234437 0.000000 -185.292582
-0.230312 0.000000 -186.330152
-0.226187 0.000000 -187.359178
-0.222062 0.000000 -188.421772
-0.217938 0.000000 -189.495598
-0.213813 0.000000 -190.537318
-0.209687 0.000000 -191.579649
-0.205562 0.000000 -192.637728
-0.201438 0.000000 -193.719976
-0.197313 0.000000 -194.796975
-0.193188 0.000000 -195.831249
-0.189062 0.000000 -196.905196
-0.184937 0.000000 -197.979632
-0.180812 0.000000 -199.013784
-0.176687 0.000000 -200.110925
-0.172563 0.000000 -201.180600
-0.168438 0.000000 -202.274444
-0.164313 0.000000 -203.352420
-0.160188 0.000000 -204.411719
-0.156063 0.000000 -205.501413
-0.151938 0.000000 -206.575116
-0.147813 0.000000 -207.696915
-0.143687 0.000000 -208.794788
-0.139562 0.000000 -209.880820
-0.135437 0.000000 -210.941096
-0.131312 0.000000 -212.028959
-0.127187 0.000000 -213.141725
-0.123062 0.000000 -214.238255
-0.118938 0.000000 -215.318062
-0.114813 0.000000 -216.390056
-0.110688 0.000000 -217.510390
-0.106563 0.000000 -218.614000
-0.102438 0.000000 -219.692952
-0.098313 0.000000 -220.793999
-0.094187 0.000000 -221.886135
-0.090062 0.000000 -223.024413
-0.085938 0.000000 -224.130953
-0.081813 0.000000 -225.251287
-0.077688 0.000000 -226.346841
-0.073563 0.000000 -227.465466
-0.069437 0.000000 -228.564682
-0.065312 0.000000 -229.670367
-0.061187 0.000000 -230.798758
-0.057062 0.000000 -231.906763
-0.052937 0.000000 -233.004147
-0.048813 0.000000 -234.137177
-0.044687 0.000000 -235.295963
-0.040562 0.000000 -236.413489
-0.036437 0.000000 -237.593638
-0.032313 0.000000 -238.753400
-0.028188 0.000000 -239.912553
-0.024063 0.000000 -241.098805
-0.019938 0.000000 -242.292015
-0.015812 0.000000 -243.531611
-0.011687 0.000000 -244.810026
-0.007562 0.000000 -246.108949
-0.003438 0.000000 -247.425450
0.000687 0.000000 -248.783577
0.004813 0.000000 -250.142070
0.008937 0.000000 -251.557448
0.013062 0.000000 -253.001879
0.017187 0.000000 -254.436178
0.021312 0.000000 -255.910516
0.025437 0.000000 -257.384121
0.029562 0.000000 -258.889587
0.033688 0.000000 -260.434970
0.037812 0.000000 -261.955450
0.041937 0.000000 -263.517435
0.046062 0.000000 -265.113232
0.050188 0.000000 -266.686691
0.054313 0.000000 -268.281513
0.058438 0.000000 -269.877311
0.062562 0.000000 -271.518274
0.066687 0.000000 -273.111021
0.070813 0.000000 -274.733918
0.074938 0.000000 -276.377323
0.079062 0.000000 -278.054298
0.083187 0.000000 -279.668895
0.087312 0.000000 -281.340132
0.091438 0.000000 -282.994523
0.095563 0.000000 -284.636220
0.099687 0.000000 -286.790001
0.103813 0.000000 -5496.937557
0.107937 0.000000 -5498.290557
