-58 -57.8275 0
-57.8275 -57.655 0
-57.655 -57.4825 0
-57.4825 -57.31 0
-57.31 -57.1375 0
-57.1375 -56.965 5008.4
-56.965 -56.7925 5010.89
-56.7925 -56.62 5012.38
-56.62 -56.4475 5013.82
-56.4475 -56.275 5015.26
-56.275 -56.1025 5016.78
-56.1025 -55.93 5018.29
-55.93 -55.7575 5019.84
-55.7575 -55.585 5021.2
-55.585 -55.4125 5022.68
-55.4125 -55.24 5024.08
-55.24 -55.0675 5025.51
-55.0675 -54.895 5026.86
-54.895 -54.7225 5028.28
-54.7225 -54.55 5029.77
-54.55 -54.3775 5031.06
-54.3775 -54.205 5032.32
-54.205 -54.0325 5033.84
-54.0325 -53.86 5035.34
-53.86 -53.6875 5036.64
-53.6875 -53.515 5038.02
-53.515 -53.3425 5039.45
-53.3425 -53.17 5040.79
-53.17 -52.9975 5042.21
-52.9975 -52.825 5043.55
-52.825 -52.6525 5044.82
-52.6525 -52.48 5046.07
-52.48 -52.3075 5047.37
-52.3075 -52.135 5048.66
-52.135 -51.9625 5049.94
-51.9625 -51.79 5051.23
-51.79 -51.6175 5052.36
-51.6175 -51.445 5053.77
-51.445 -51.2725 5055.17
-51.2725 -51.1 5056.3
-51.1 -50.9275 5057.67
-50.9275 -50.755 5058.93
-50.755 -50.5825 5060.19
-50.5825 -50.41 5061.42
-50.41 -50.2375 5062.66
-50.2375 -50.065 5063.83
-50.065 -49.8925 5065.1
-49.8925 -49.72 5066.31
-49.72 -49.5475 5067.6
-49.5475 -49.375 5068.78
-49.375 -49.2025 5070.02
-49.2025 -49.03 5071.25
-49.03 -48.8575 5072.42
-48.8575 -48.685 5073.59
-48.685 -48.5125 5074.74
-48.5125 -48.34 5075.87
-48.34 -48.1675 5077.09
-48.1675 -47.995 5078.21
-47.995 -47.8225 5079.3
-47.8225 -47.65 5080.4
-47.65 -47.4775 5081.4
-47.4775 -47.305 5082.56
-47.305 -47.1325 5083.75
-47.1325 -46.96 5084.75
-46.96 -46.7875 5085.87
-46.7875 -46.615 5087.16
-46.615 -46.4425 5088.31
-46.4425 -46.27 5089.37
-46.27 -46.0975 5090.43
-46.0975 -45.925 5091.54
-45.925 -45.7525 5092.6
-45.7525 -45.58 5093.68
-45.58 -45.4075 5094.75
-45.4075 -45.235 5095.8
-45.235 -45.0625 5096.88
-45.0625 -44.89 5097.94
-44.89 -44.7175 5098.97
-44.7175 -44.545 5099.99
-44.545 -44.3725 5101.03
-44.3725 -44.2 5102.06
-44.2 -44.0275 5103.05
-44.0275 -43.855 5104.14
-43.855 -43.6825 5105.14
-43.6825 -43.51 5106.16
-43.51 -43.3375 5107.18
-43.3375 -43.165 5108.09
-43.165 -42.9925 5109.05
-42.9925 -42.82 5110.08
-42.82 -42.6475 5111.09
-42.6475 -42.475 5112.1
-42.475 -42.3025 5113.08
-42.3025 -42.13 5114.12
-42.13 -41.9575 5115.08
-41.9575 -41.785 5116.07
-41.785 -41.6125 5117.04
-41.6125 -41.44 5117.99
-41.44 -41.2675 5119.02
-41.2675 -41.095 5119.96
-41.095 -40.9225 5120.87
-40.9225 -40.75 5121.87
-40.75 -40.5775 5122.81
-40.5775 -40.405 5123.66
-40.405 -40.2325 5124.64
-40.2325 -40.06 5125.6
-40.06 -39.8875 5126.48
-39.8875 -39.715 5127.47
-39.715 -39.5425 5128.4
-39.5425 -39.37 5129.3
-39.37 -39.1975 5130.19
-39.1975 -39.025 5131.11
-39.025 -38.8525 5132.05
-38.8525 -38.68 5133
-38.68 -38.5075 5133.86
-38.5075 -38.335 5134.74
-38.335 -38.1625 5135.66
-38.1625 -37.99 5136.45
-37.99 -37.8175 5137.42
-37.8175 -37.645 5138.28
-37.645 -37.4725 5139.14
-37.4725 -37.3 5140.01
-37.3 -37.1275 5140.92
-37.1275 -36.955 5141.81
-36.955 -36.7825 5142.66
-36.7825 -36.61 5143.52
-36.61 -36.4375 5144.47
-36.4375 -36.265 5145.29
-36.265 -36.0925 5146.1
-36.0925 -35.92 5146.93
-35.92 -35.7475 5147.8
-35.7475 -35.575 5148.6
-35.575 -35.4025 5149.42
-35.4025 -35.23 5150.26
-35.23 -35.0575 5151.1
-35.0575 -34.885 5151.94
-34.885 -34.7125 5152.76
-34.7125 -34.54 5153.62
-34.54 -34.3675 5154.44
-34.3675 -34.195 5155.23
-34.195 -34.0225 5156.07
-34.0225 -33.85 5156.84
-33.85 -33.6775 5157.73
-33.6775 -33.505 5158.56
-33.505 -33.3325 5159.3
-33.3325 -33.16 5160.12
-33.16 -32.9875 5160.86
-32.9875 -32.815 5161.73
-32.815 -32.6425 5162.52
-32.6425 -32.47 5163.34
-32.47 -32.2975 5164.1
-32.2975 -32.125 5164.86
-32.125 -31.9525 5165.68
-31.9525 -31.78 5166.42
-31.78 -31.6075 5167.21
-31.6075 -31.435 5167.98
-31.435 -31.2625 5168.82
-31.2625 -31.09 5169.53
-31.09 -30.9175 5170.3
-30.9175 -30.745 5171.06
-30.745 -30.5725 5171.82
-30.5725 -30.4 5172.61
-30.4 -30.2275 5173.37
-30.2275 -30.055 5174.17
-30.055 -29.8825 5174.9
-29.8825 -29.71 5175.62
-29.71 -29.5375 5176.36
-29.5375 -29.365 5177.07
-29.365 -29.1925 5177.84
-29.1925 -29.02 5178.57
-29.02 -28.8475 5179.27
-28.8475 -28.675 5180.01
-28.675 -28.5025 5180.78
-28.5025 -28.33 5181.48
-28.33 -28.1575 5182.22
-28.1575 -27.985 5182.96
-27.985 -27.8125 5183.68
-27.8125 -27.64 5184.32
-27.64 -27.4675 5185.08
-27.4675 -27.295 5185.79
-27.295 -27.1225 5186.48
-27.1225 -26.95 5187.21
-26.95 -26.7775 5187.88
-26.7775 -26.605 5188.6
-26.605 -26.4325 5189.28
-26.4325 -26.26 5189.97
-26.26 -26.0875 5190.67
-26.0875 -25.915 5191.37
-25.915 -25.7425 5192.01
-25.7425 -25.57 5192.71
-25.57 -25.3975 5193.41
-25.3975 -25.225 5194.07
-25.225 -25.0525 5194.76
-25.0525 -24.88 5195.49
-24.88 -24.7075 5196.18
-24.7075 -24.535 5196.81
-24.535 -24.3625 5197.44
-24.3625 -24.19 5198.11
-24.19 -24.0175 5198.76
-24.0175 -23.845 5199.45
-23.845 -23.6725 5200.09
-23.6725 -23.5 5200.74
-23.5 -23.3275 5201.43
-23.3275 -23.155 5202.1
-23.155 -22.9825 5202.73
-22.9825 -22.81 5203.37
-22.81 -22.6375 5204.04
-22.6375 -22.465 5204.74
-22.465 -22.2925 5205.44
-22.2925 -22.12 5206.06
-22.12 -21.9475 5206.66
-21.9475 -21.775 5207.32
-21.775 -21.6025 5207.93
-21.6025 -21.43 5208.57
-21.43 -21.2575 5209.17
-21.2575 -21.085 5209.86
-21.085 -20.9125 5210.49
-20.9125 -20.74 5211.1
-20.74 -20.5675 5211.7
-20.5675 -20.395 5212.37
-20.395 -20.2225 5212.99
-20.2225 -20.05 5213.65
-20.05 -19.8775 5214.24
-19.8775 -19.705 5214.85
-19.705 -19.5325 5215.47
-19.5325 -19.36 5216.03
-19.36 -19.1875 5216.7
-19.1875 -19.015 5217.31
-19.015 -18.8425 5217.92
-18.8425 -18.67 5218.57
-18.67 -18.4975 5219.22
-18.4975 -18.325 5219.8
-18.325 -18.1525 5220.41
-18.1525 -17.98 5220.97
-17.98 -17.8075 5221.59
-17.8075 -17.635 5222.17
-17.635 -17.4625 5222.79
-17.4625 -17.29 5223.4
-17.29 -17.1175 5223.99
-17.1175 -16.945 5224.52
-16.945 -16.7725 5225.13
-16.7725 -16.6 5225.7
-16.6 -16.4275 5226.32
-16.4275 -16.255 5226.91
-16.255 -16.0825 5227.53
-16.0825 -15.91 5228.11
-15.91 -15.7375 5228.7
-15.7375 -15.565 5229.25
-15.565 -15.3925 5229.82
-15.3925 -15.22 5230.43
-15.22 -15.0475 5231
-15.0475 -14.875 5231.59
-14.875 -14.7025 5232.17
-14.7025 -14.53 5232.75
-14.53 -14.3575 5233.35
-14.3575 -14.185 5233.91
-14.185 -14.0125 5234.45
-14.0125 -13.84 5235.13
-13.84 -13.6675 5235.63
-13.6675 -13.495 5236.25
-13.495 -13.3225 5236.85
-13.3225 -13.15 5237.41
-13.15 -12.9775 5238
-12.9775 -12.805 5238.58
-12.805 -12.6325 5239.13
-12.6325 -12.46 5239.71
-12.46 -12.2875 5240.27
-12.2875 -12.115 5240.89
-12.115 -11.9425 5241.46
-11.9425 -11.77 5242.05
-11.77 -11.5975 5242.62
-11.5975 -11.425 5243.16
-11.425 -11.2525 5243.71
-11.2525 -11.08 5244.3
-11.08 -10.9075 5244.87
-10.9075 -10.735 5245.44
-10.735 -10.5625 5246.06
-10.5625 -10.39 5246.62
-10.39 -10.2175 5247.12
-10.2175 -10.045 5247.71
-10.045 -9.8725 5248.29
-9.8725 -9.7 5248.87
-9.7 -9.5275 5249.41
-9.5275 -9.355 5249.98
-9.355 -9.1825 5250.51
-9.1825 -9.01 5251.06
-9.01 -8.8375 5251.63
-8.8375 -8.665 5252.22
-8.665 -8.4925 5252.73
-8.4925 -8.32 5253.34
-8.32 -8.1475 5253.92
-8.1475 -7.975 5254.44
-7.975 -7.8025 5254.99
-7.8025 -7.63 5255.5
-7.63 -7.4575 5256.06
-7.4575 -7.285 5256.61
-7.285 -7.1125 5257.13
-7.1125 -6.94 5257.68
-6.94 -6.7675 5258.23
-6.7675 -6.595 5258.81
-6.595 -6.4225 5259.34
-6.4225 -6.25 5259.89
-6.25 -6.0775 5260.4
-6.0775 -5.905 5261
-5.905 -5.7325 5261.51
-5.7325 -5.56 5262.04
-5.56 -5.3875 5262.57
-5.3875 -5.215 5263.14
-5.215 -5.0425 5263.65
-5.0425 -4.87 5264.13
-4.87 -4.6975 5264.59
-4.6975 -4.525 5265.12
-4.525 -4.3525 5265.66
-4.3525 -4.18 5266.18
-4.18 -4.0075 5266.67
-4.0075 -3.835 5267.12
-3.835 -3.6625 5267.61
-3.6625 -3.49 5268.09
-3.49 -3.3175 5268.59
-3.3175 -3.145 5269.07
-3.145 -2.9725 5269.51
-2.9725 -2.8 5269.96
-2.8 -2.6275 5270.44
-2.6275 -2.455 5270.9
-2.455 -2.2825 5271.37
-2.2825 -2.11 5271.84
-2.11 -1.9375 5272.29
-1.9375 -1.765 5272.74
-1.765 -1.5925 5273.19
-1.5925 -1.42 5273.59
-1.42 -1.2475 5274.03
-1.2475 -1.075 5274.45
-1.075 -0.9025 5274.85
-0.9025 -0.73 5275.29
-0.73 -0.5575 5275.67
-0.5575 -0.385 5276.09
-0.385 -0.2125 5276.47
-0.2125 -0.04 5276.87
-0.04 0.1325 5277.26
0.1325 0.305 5277.65
0.305 0.4775 5278.01
0.4775 0.65 5278.37
0.65 0.8225 5278.72
0.8225 0.995 5279.07
0.995 1.1675 5279.44
1.1675 1.34 5279.75
1.34 1.5125 5280.11
1.5125 1.685 5280.38
1.685 1.8575 5280.67
1.8575 2.03 5280.99
2.03 2.2025 5281.28
2.2025 2.375 5281.54
2.375 2.5475 5281.76
2.5475 2.72 5282.01
2.72 2.8925 5282.29
2.8925 3.065 5282.51
3.065 3.2375 5282.75
3.2375 3.41 5282.96
3.41 3.5825 5283.16
3.5825 3.755 5283.38
3.755 3.9275 5283.58
3.9275 4.1 5283.78
4.1 4.2725 5283.96
4.2725 4.445 5284.11
4.445 4.6175 5284.24
4.6175 4.79 5284.42
4.79 4.9625 5284.55
4.9625 5.135 5284.67
5.135 5.3075 5284.77
5.3075 5.48 5284.91
5.48 5.6525 5285.02
5.6525 5.825 5285.14
5.825 5.9975 5285.22
5.9975 6.17 5285.31
6.17 6.3425 5285.39
6.3425 6.515 5285.47
6.515 6.6875 5285.53
6.6875 6.86 5285.58
6.86 7.0325 5285.62
7.0325 7.205 5285.66
7.205 7.3775 5285.66
7.3775 7.55 5285.69
7.55 7.7225 5285.72
7.7225 7.895 5285.73
7.895 8.0675 5285.73
8.0675 8.24 5285.76
8.24 8.4125 5285.73
8.4125 8.585 5285.72
8.585 8.7575 5285.71
8.7575 8.93 5285.68
8.93 9.1025 5285.63
9.1025 9.275 5285.62
9.275 9.4475 5285.58
9.4475 9.62 5285.55
9.62 9.7925 5285.5
9.7925 9.965 5285.44
9.965 10.1375 5283.93
10.1375 10.31 0
10.31 10.4825 0
10.4825 10.655 0
10.655 10.8275 0
10.8275 11 0
