-101 -100.72 0
-100.72 -100.44 0
-100.44 -100.16 0
-100.16 -99.88 4940.56
-99.88 -99.6 4942.69
-99.6 -99.32 4944.08
-99.32 -99.04 4945.41
-99.04 -98.76 4947.04
-98.76 -98.48 4948.37
-98.48 -98.2 4949.88
-98.2 -97.92 4951.19
-97.92 -97.64 4952.5
-97.64 -97.36 4953.85
-97.36 -97.08 4955.28
-97.08 -96.8 4956.66
-96.8 -96.52 4957.97
-96.52 -96.24 4959.29
-96.24 -95.96 4960.64
-95.96 -95.68 4961.92
-95.68 -95.4 4963.21
-95.4 -95.12 4964.53
-95.12 -94.84 4965.85
-94.84 -94.56 4967.31
-94.56 -94.28 4968.45
-94.28 -94 4969.74
-94 -93.72 4971.03
-93.72 -93.44 4972.36
-93.44 -93.16 4973.72
-93.16 -92.88 4975.01
-92.88 -92.6 4976.16
-92.6 -92.32 4977.25
-92.32 -92.04 4978.59
-92.04 -91.76 4979.71
-91.76 -91.48 4980.91
-91.48 -91.2 4982.11
-91.2 -90.92 4983.39
-90.92 -90.64 4984.45
-90.64 -90.36 4985.66
-90.36 -90.08 4986.85
-90.08 -89.8 4988.14
-89.8 -89.52 4989.33
-89.52 -89.24 4990.54
-89.24 -88.96 4991.74
-88.96 -88.68 4992.84
-88.68 -88.4 4994.01
-88.4 -88.12 4995.13
-88.12 -87.84 4996.4
-87.84 -87.56 4997.46
-87.56 -87.28 4998.57
-87.28 -87 4999.65
-87 -86.72 5000.77
-86.72 -86.44 5001.82
-86.44 -86.16 5002.93
-86.16 -85.88 5004.06
-85.88 -85.6 5005.05
-85.6 -85.32 5006.14
-85.32 -85.04 5007.24
-85.04 -84.76 5008.27
-84.76 -84.48 5009.35
-84.48 -84.2 5010.44
-84.2 -83.92 5011.58
-83.92 -83.64 5012.64
-83.64 -83.36 5013.72
-83.36 -83.08 5014.81
-83.08 -82.8 5015.89
-82.8 -82.52 5016.88
-82.52 -82.24 5017.94
-82.24 -81.96 5018.97
-81.96 -81.68 5020.03
-81.68 -81.4 5021.04
-81.4 -81.12 5022.03
-81.12 -80.84 5023.06
-80.84 -80.56 5024.08
-80.56 -80.28 5025.08
-80.28 -80 5026.09
-80 -79.72 5027.11
-79.72 -79.44 5028.1
-79.44 -79.16 5029.07
-79.16 -78.88 5030.11
-78.88 -78.6 5031.15
-78.6 -78.32 5032.2
-78.32 -78.04 5033.1
-78.04 -77.76 5034.1
-77.76 -77.48 5034.99
-77.48 -77.2 5036.04
-77.2 -76.92 5037.04
-76.92 -76.64 5038.01
-76.64 -76.36 5038.91
-76.36 -76.08 5039.94
-76.08 -75.8 5040.82
-75.8 -75.52 5041.81
-75.52 -75.24 5042.72
-75.24 -74.96 5043.67
-74.96 -74.68 5044.58
-74.68 -74.4 5045.55
-74.4 -74.12 5046.43
-74.12 -73.84 5047.34
-73.84 -73.56 5048.23
-73.56 -73.28 5049.09
-73.28 -73 5050.01
-73 -72.72 5050.91
-72.72 -72.44 5051.8
-72.44 -72.16 5052.73
-72.16 -71.88 5053.6
-71.88 -71.6 5054.52
-71.6 -71.32 5055.39
-71.32 -71.04 5056.33
-71.04 -70.76 5057.12
-70.76 -70.48 5057.99
-70.48 -70.2 5058.9
-70.2 -69.92 5059.79
-69.92 -69.64 5060.69
-69.64 -69.36 5061.57
-69.36 -69.08 5062.42
-69.08 -68.8 5063.31
-68.8 -68.52 5064.13
-68.52 -68.24 5065
-68.24 -67.96 5065.87
-67.96 -67.68 5066.67
-67.68 -67.4 5067.52
-67.4 -67.12 5068.41
-67.12 -66.84 5069.2
-66.84 -66.56 5070.03
-66.56 -66.28 5070.81
-66.28 -66 5071.67
-66 -65.72 5072.43
-65.72 -65.44 5073.26
-65.44 -65.16 5074.11
-65.16 -64.88 5075
-64.88 -64.6 5075.81
-64.6 -64.32 5076.6
-64.32 -64.04 5077.4
-64.04 -63.76 5078.28
-63.76 -63.48 5079.07
-63.48 -63.2 5079.92
-63.2 -62.92 5080.76
-62.92 -62.64 5081.57
-62.64 -62.36 5082.36
-62.36 -62.08 5083.16
-62.08 -61.8 5083.96
-61.8 -61.52 5084.82
-61.52 -61.24 5085.59
-61.24 -60.96 5086.35
-60.96 -60.68 5087.18
-60.68 -60.4 5087.98
-60.4 -60.12 5088.76
-60.12 -59.84 5089.53
-59.84 -59.56 5090.29
-59.56 -59.28 5091.09
-59.28 -59 5091.9
-59 -58.72 5092.63
-58.72 -58.44 5093.43
-58.44 -58.16 5094.19
-58.16 -57.88 5094.96
-57.88 -57.6 5095.71
-57.6 -57.32 5096.47
-57.32 -57.04 5097.22
-57.04 -56.76 5098.01
-56.76 -56.48 5098.73
-56.48 -56.2 5099.49
-56.2 -55.92 5100.3
-55.92 -55.64 5100.97
-55.64 -55.36 5101.75
-55.36 -55.08 5102.44
-55.08 -54.8 5103.21
-54.8 -54.52 5103.89
-54.52 -54.24 5104.67
-54.24 -53.96 5105.41
-53.96 -53.68 5106.11
-53.68 -53.4 5106.85
-53.4 -53.12 5107.6
-53.12 -52.84 5108.28
-52.84 -52.56 5109.07
-52.56 -52.28 5109.77
-52.28 -52 5110.49
-52 -51.72 5111.16
-51.72 -51.44 5111.86
-51.44 -51.16 5112.59
-51.16 -50.88 5113.34
-50.88 -50.6 5114.06
-50.6 -50.32 5114.76
-50.32 -50.04 5115.42
-50.04 -49.76 5116.1
-49.76 -49.48 5116.84
-49.48 -49.2 5117.51
-49.2 -48.92 5118.19
-48.92 -48.64 5118.86
-48.64 -48.36 5119.58
-48.36 -48.08 5120.32
-48.08 -47.8 5121
-47.8 -47.52 5121.69
-47.52 -47.24 5122.36
-47.24 -46.96 5123.06
-46.96 -46.68 5123.84
-46.68 -46.4 5124.44
-46.4 -46.12 5125.12
-46.12 -45.84 5125.79
-45.84 -45.56 5126.47
-45.56 -45.28 5127.16
-45.28 -45 5127.81
-45 -44.72 5128.48
-44.72 -44.44 5129.13
-44.44 -44.16 5129.79
-44.16 -43.88 5130.43
-43.88 -43.6 5131.1
-43.6 -43.32 5131.76
-43.32 -43.04 5132.42
-43.04 -42.76 5133.11
-42.76 -42.48 5133.75
-42.48 -42.2 5134.42
-42.2 -41.92 5135.1
-41.92 -41.64 5135.73
-41.64 -41.36 5136.37
-41.36 -41.08 5137.1
-41.08 -40.8 5137.71
-40.8 -40.52 5138.39
-40.52 -40.24 5139.05
-40.24 -39.96 5139.69
-39.96 -39.68 5140.39
-39.68 -39.4 5140.99
-39.4 -39.12 5141.65
-39.12 -38.84 5142.29
-38.84 -38.56 5142.94
-38.56 -38.28 5143.57
-38.28 -38 5144.25
-38 -37.72 5144.92
-37.72 -37.44 5145.49
-37.44 -37.16 5146.17
-37.16 -36.88 5146.8
-36.88 -36.6 5147.46
-36.6 -36.32 5148.1
-36.32 -36.04 5148.76
-36.04 -35.76 5149.37
-35.76 -35.48 5149.98
-35.48 -35.2 5150.58
-35.2 -34.92 5151.24
-34.92 -34.64 5151.84
-34.64 -34.36 5152.48
-34.36 -34.08 5153.07
-34.08 -33.8 5153.67
-33.8 -33.52 5154.33
-33.52 -33.24 5154.92
-33.24 -32.96 5155.6
-32.96 -32.68 5156.17
-32.68 -32.4 5156.8
-32.4 -32.12 5157.42
-32.12 -31.84 5158.01
-31.84 -31.56 5158.65
-31.56 -31.28 5159.32
-31.28 -31 5159.93
-31 -30.72 5160.56
-30.72 -30.44 5161.16
-30.44 -30.16 5161.8
-30.16 -29.88 5162.4
-29.88 -29.6 5163.04
-29.6 -29.32 5163.6
-29.32 -29.04 5164.26
-29.04 -28.76 5164.88
-28.76 -28.48 5165.44
-28.48 -28.2 5166.07
-28.2 -27.92 5166.66
-27.92 -27.64 5167.28
-27.64 -27.36 5167.88
-27.36 -27.08 5168.48
-27.08 -26.8 5169.14
-26.8 -26.52 5169.76
-26.52 -26.24 5170.36
-26.24 -25.96 5170.98
-25.96 -25.68 5171.54
-25.68 -25.4 5172.15
-25.4 -25.12 5172.75
-25.12 -24.84 5173.35
-24.84 -24.56 5173.97
-24.56 -24.28 5174.58
-24.28 -24 5175.17
-24 -23.72 5175.8
-23.72 -23.44 5176.4
-23.44 -23.16 5176.99
-23.16 -22.88 5177.59
-22.88 -22.6 5178.19
-22.6 -22.32 5178.8
-22.32 -22.04 5179.37
-22.04 -21.76 5179.96
-21.76 -21.48 5180.52
-21.48 -21.2 5181.12
-21.2 -20.92 5181.67
-20.92 -20.64 5182.25
-20.64 -20.36 5182.82
-20.36 -20.08 5183.45
-20.08 -19.8 5184.07
-19.8 -19.52 5184.65
-19.52 -19.24 5185.23
-19.24 -18.96 5185.82
-18.96 -18.68 5186.45
-18.68 -18.4 5187
-18.4 -18.12 5187.6
-18.12 -17.84 5188.19
-17.84 -17.56 5188.78
-17.56 -17.28 5189.41
-17.28 -17 5189.97
-17 -16.72 5190.59
-16.72 -16.44 5191.15
-16.44 -16.16 5191.73
-16.16 -15.88 5192.34
-15.88 -15.6 5192.9
-15.6 -15.32 5193.45
-15.32 -15.04 5194.03
-15.04 -14.76 5194.6
-14.76 -14.48 5195.17
-14.48 -14.2 5195.72
-14.2 -13.92 5196.31
-13.92 -13.64 5196.83
-13.64 -13.36 5197.41
-13.36 -13.08 5197.93
-13.08 -12.8 5198.47
-12.8 -12.52 5199
-12.52 -12.24 5199.52
-12.24 -11.96 5200.08
-11.96 -11.68 5200.64
-11.68 -11.4 5201.17
-11.4 -11.12 5201.69
-11.12 -10.84 5202.19
-10.84 -10.56 5202.74
-10.56 -10.28 5203.25
-10.28 -10 5203.72
-10 -9.72 5204.29
-9.72 -9.44 5204.82
-9.44 -9.16 5205.32
-9.16 -8.88 5205.82
-8.88 -8.6 5206.29
-8.6 -8.32 5206.78
-8.32 -8.04 5207.26
-8.04 -7.76 5207.74
-7.76 -7.48 5208.21
-7.48 -7.2 5208.67
-7.2 -6.92 5209.11
-6.92 -6.64 5209.58
-6.64 -6.36 5209.98
-6.36 -6.08 5210.39
-6.08 -5.8 5210.82
-5.8 -5.52 5211.28
-5.52 -5.24 5211.69
-5.24 -4.96 5212.12
-4.96 -4.68 5212.55
-4.68 -4.4 5212.96
-4.4 -4.12 5213.31
-4.12 -3.84 5213.68
-3.84 -3.56 5214.08
-3.56 -3.28 5214.46
-3.28 -3 5214.81
-3 -2.72 5215.13
-2.72 -2.44 5215.47
-2.44 -2.16 5215.79
-2.16 -1.88 5216.16
-1.88 -1.6 5216.44
-1.6 -1.32 5216.74
-1.32 -1.04 5217.02
-1.04 -0.76 5217.29
-0.76 -0.48 5217.52
-0.48 -0.2 5217.74
-0.2 0.08 5217.95
0.08 0.36 5218.13
0.36 0.64 5218.32
0.64 0.92 5218.52
0.92 1.2 5218.68
1.2 1.48 5218.81
1.48 1.76 5218.93
1.76 2.04 5219.04
2.04 2.32 5219.15
2.32 2.6 5219.23
2.6 2.88 5219.31
2.88 3.16 5219.37
3.16 3.44 5219.42
3.44 3.72 5219.44
3.72 4 5219.47
4 4.28 5219.49
4.28 4.56 5219.5
4.56 4.84 5219.45
4.84 5.12 5219.43
5.12 5.4 5219.38
5.4 5.68 5219.3
5.68 5.96 5219.22
5.96 6.24 5219.1
6.24 6.52 5219.03
6.52 6.8 5218.94
6.8 7.08 5218.76
7.08 7.36 5218.66
7.36 7.64 5218.5
7.64 7.92 5218.36
7.92 8.2 5218.21
8.2 8.48 5218.05
8.48 8.76 5217.85
8.76 9.04 5217.67
9.04 9.32 5217.43
9.32 9.6 5217.23
9.6 9.88 5217.01
9.88 10.16 5216.01
10.16 10.44 0
10.44 10.72 0
10.72 11 0
