-136 -135.632 0
-135.632 -135.265 0
-135.265 -134.898 4922.55
-134.898 -134.53 4924.63
-134.53 -134.163 4925.88
-134.163 -133.795 4927.06
-133.795 -133.428 4928.21
-133.428 -133.06 4929.46
-133.06 -132.692 4930.59
-132.692 -132.325 4931.81
-132.325 -131.957 4932.92
-131.957 -131.59 4933.93
-131.59 -131.223 4935.16
-131.223 -130.855 4936.14
-130.855 -130.488 4937.26
-130.488 -130.12 4938.38
-130.12 -129.752 4939.47
-129.752 -129.385 4940.6
-129.385 -129.017 4941.74
-129.017 -128.65 4942.82
-128.65 -128.283 4943.97
-128.283 -127.915 4945.02
-127.915 -127.548 4946.1
-127.548 -127.18 4947.25
-127.18 -126.812 4948.29
-126.812 -126.445 4949.37
-126.445 -126.077 4950.5
-126.077 -125.71 4951.59
-125.71 -125.343 4952.61
-125.343 -124.975 4953.62
-124.975 -124.607 4954.73
-124.607 -124.24 4955.72
-124.24 -123.873 4956.66
-123.873 -123.505 4957.71
-123.505 -123.137 4958.76
-123.137 -122.77 4959.83
-122.77 -122.403 4960.77
-122.403 -122.035 4961.83
-122.035 -121.667 4962.88
-121.667 -121.3 4963.91
-121.3 -120.933 4964.96
-120.933 -120.565 4965.91
-120.565 -120.197 4966.93
-120.197 -119.83 4967.81
-119.83 -119.462 4968.92
-119.462 -119.095 4969.83
-119.095 -118.727 4970.76
-118.727 -118.36 4971.72
-118.36 -117.992 4972.73
-117.992 -117.625 4973.64
-117.625 -117.258 4974.64
-117.258 -116.89 4975.54
-116.89 -116.523 4976.57
-116.523 -116.155 4977.52
-116.155 -115.788 4978.47
-115.788 -115.42 4979.28
-115.42 -115.053 4980.24
-115.053 -114.685 4981.14
-114.685 -114.317 4982.09
-114.317 -113.95 4983.1
-113.95 -113.583 4983.99
-113.583 -113.215 4984.9
-113.215 -112.847 4985.82
-112.847 -112.48 4986.74
-112.48 -112.113 4987.63
-112.113 -111.745 4988.52
-111.745 -111.377 4989.44
-111.377 -111.01 4990.35
-111.01 -110.643 4991.22
-110.643 -110.275 4992.1
-110.275 -109.907 4993.01
-109.907 -109.54 4993.9
-109.54 -109.173 4994.76
-109.173 -108.805 4995.65
-108.805 -108.438 4996.49
-108.438 -108.07 4997.42
-108.07 -107.702 4998.22
-107.702 -107.335 4999.14
-107.335 -106.968 5000
-106.968 -106.6 5000.8
-106.6 -106.232 5001.67
-106.232 -105.865 5002.52
-105.865 -105.498 5003.39
-105.498 -105.13 5004.28
-105.13 -104.762 5005.13
-104.762 -104.395 5006.02
-104.395 -104.028 5006.81
-104.028 -103.66 5007.76
-103.66 -103.292 5008.45
-103.292 -102.925 5009.29
-102.925 -102.558 5010.09
-102.558 -102.19 5010.96
-102.19 -101.822 5011.75
-101.822 -101.455 5012.58
-101.455 -101.087 5013.42
-101.087 -100.72 5014.28
-100.72 -100.352 5015.02
-100.352 -99.985 5015.84
-99.985 -99.6175 5016.68
-99.6175 -99.25 5017.5
-99.25 -98.8825 5018.36
-98.8825 -98.515 5019.1
-98.515 -98.1475 5019.89
-98.1475 -97.78 5020.7
-97.78 -97.4125 5021.53
-97.4125 -97.045 5022.25
-97.045 -96.6775 5023.04
-96.6775 -96.31 5023.88
-96.31 -95.9425 5024.63
-95.9425 -95.575 5025.38
-95.575 -95.2075 5026.13
-95.2075 -94.84 5026.96
-94.84 -94.4725 5027.77
-94.4725 -94.105 5028.5
-94.105 -93.7375 5029.32
-93.7375 -93.37 5030.06
-93.37 -93.0025 5030.87
-93.0025 -92.635 5031.59
-92.635 -92.2675 5032.35
-92.2675 -91.9 5033.13
-91.9 -91.5325 5033.87
-91.5325 -91.165 5034.67
-91.165 -90.7975 5035.37
-90.7975 -90.43 5036.19
-90.43 -90.0625 5036.91
-90.0625 -89.695 5037.67
-89.695 -89.3275 5038.49
-89.3275 -88.96 5039.19
-88.96 -88.5925 5039.95
-88.5925 -88.225 5040.7
-88.225 -87.8575 5041.44
-87.8575 -87.49 5042.17
-87.49 -87.1225 5042.93
-87.1225 -86.755 5043.64
-86.755 -86.3875 5044.38
-86.3875 -86.02 5045.14
-86.02 -85.6525 5045.83
-85.6525 -85.285 5046.57
-85.285 -84.9175 5047.34
-84.9175 -84.55 5048.09
-84.55 -84.1825 5048.83
-84.1825 -83.815 5049.58
-83.815 -83.4475 5050.23
-83.4475 -83.08 5050.99
-83.08 -82.7125 5051.67
-82.7125 -82.345 5052.35
-82.345 -81.9775 5053.1
-81.9775 -81.61 5053.8
-81.61 -81.2425 5054.5
-81.2425 -80.875 5055.12
-80.875 -80.5075 5055.92
-80.5075 -80.14 5056.63
-80.14 -79.7725 5057.26
-79.7725 -79.405 5057.98
-79.405 -79.0375 5058.7
-79.0375 -78.67 5059.41
-78.67 -78.3025 5060.08
-78.3025 -77.935 5060.81
-77.935 -77.5675 5061.5
-77.5675 -77.2 5062.1
-77.2 -76.8325 5062.83
-76.8325 -76.465 5063.59
-76.465 -76.0975 5064.24
-76.0975 -75.73 5064.93
-75.73 -75.3625 5065.64
-75.3625 -74.995 5066.35
-74.995 -74.6275 5066.99
-74.6275 -74.26 5067.67
-74.26 -73.8925 5068.35
-73.8925 -73.525 5069.01
-73.525 -73.1575 5069.66
-73.1575 -72.79 5070.41
-72.79 -72.4225 5071.06
-72.4225 -72.055 5071.74
-72.055 -71.6875 5072.38
-71.6875 -71.32 5073.05
-71.32 -70.9525 5073.7
-70.9525 -70.585 5074.43
-70.585 -70.2175 5075.1
-70.2175 -69.85 5075.75
-69.85 -69.4825 5076.44
-69.4825 -69.115 5077.06
-69.115 -68.7475 5077.75
-68.7475 -68.38 5078.35
-68.38 -68.0125 5079.04
-68.0125 -67.645 5079.61
-67.645 -67.2775 5080.29
-67.2775 -66.91 5080.93
-66.91 -66.5425 5081.64
-66.5425 -66.175 5082.27
-66.175 -65.8075 5082.88
-65.8075 -65.44 5083.55
-65.44 -65.0725 5084.22
-65.0725 -64.705 5084.85
-64.705 -64.3375 5085.48
-64.3375 -63.97 5086.14
-63.97 -63.6025 5086.76
-63.6025 -63.235 5087.41
-63.235 -62.8675 5088.08
-62.8675 -62.5 5088.72
-62.5 -62.1325 5089.39
-62.1325 -61.765 5090.07
-61.765 -61.3975 5090.68
-61.3975 -61.03 5091.29
-61.03 -60.6625 5091.92
-60.6625 -60.295 5092.51
-60.295 -59.9275 5093.14
-59.9275 -59.56 5093.76
-59.56 -59.1925 5094.41
-59.1925 -58.825 5095.04
-58.825 -58.4575 5095.67
-58.4575 -58.09 5096.29
-58.09 -57.7225 5096.93
-57.7225 -57.355 5097.57
-57.355 -56.9875 5098.18
-56.9875 -56.62 5098.81
-56.62 -56.2525 5099.47
-56.2525 -55.885 5100.1
-55.885 -55.5175 5100.7
-55.5175 -55.15 5101.34
-55.15 -54.7825 5101.96
-54.7825 -54.415 5102.62
-54.415 -54.0475 5103.22
-54.0475 -53.68 5103.78
-53.68 -53.3125 5104.46
-53.3125 -52.945 5105.07
-52.945 -52.5775 5105.69
-52.5775 -52.21 5106.31
-52.21 -51.8425 5106.95
-51.8425 -51.475 5107.57
-51.475 -51.1075 5108.16
-51.1075 -50.74 5108.76
-50.74 -50.3725 5109.38
-50.3725 -50.005 5109.98
-50.005 -49.6375 5110.6
-49.6375 -49.27 5111.21
-49.27 -48.9025 5111.8
-48.9025 -48.535 5112.43
-48.535 -48.1675 5113.06
-48.1675 -47.8 5113.68
-47.8 -47.4325 5114.29
-47.4325 -47.065 5114.92
-47.065 -46.6975 5115.55
-46.6975 -46.33 5116.17
-46.33 -45.9625 5116.76
-45.9625 -45.595 5117.38
-45.595 -45.2275 5117.96
-45.2275 -44.86 5118.54
-44.86 -44.4925 5119.17
-44.4925 -44.125 5119.75
-44.125 -43.7575 5120.39
-43.7575 -43.39 5121.02
-43.39 -43.0225 5121.62
-43.0225 -42.655 5122.2
-42.655 -42.2875 5122.78
-42.2875 -41.92 5123.37
-41.92 -41.5525 5123.95
-41.5525 -41.185 5124.6
-41.185 -40.8175 5125.22
-40.8175 -40.45 5125.81
-40.45 -40.0825 5126.4
-40.0825 -39.715 5126.98
-39.715 -39.3475 5127.58
-39.3475 -38.98 5128.18
-38.98 -38.6125 5128.77
-38.6125 -38.245 5129.4
-38.245 -37.8775 5129.97
-37.8775 -37.51 5130.56
-37.51 -37.1425 5131.16
-37.1425 -36.775 5131.79
-36.775 -36.4075 5132.36
-36.4075 -36.04 5132.95
-36.04 -35.6725 5133.52
-35.6725 -35.305 5134.13
-35.305 -34.9375 5134.77
-34.9375 -34.57 5135.34
-34.57 -34.2025 5135.93
-34.2025 -33.835 5136.53
-33.835 -33.4675 5137.1
-33.4675 -33.1 5137.73
-33.1 -32.7325 5138.31
-32.7325 -32.365 5138.93
-32.365 -31.9975 5139.56
-31.9975 -31.63 5140.13
-31.63 -31.2625 5140.71
-31.2625 -30.895 5141.29
-30.895 -30.5275 5141.86
-30.5275 -30.16 5142.42
-30.16 -29.7925 5143.06
-29.7925 -29.425 5143.64
-29.425 -29.0575 5144.2
-29.0575 -28.69 5144.8
-28.69 -28.3225 5145.41
-28.3225 -27.955 5145.96
-27.955 -27.5875 5146.55
-27.5875 -27.22 5147.17
-27.22 -26.8525 5147.72
-26.8525 -26.485 5148.27
-26.485 -26.1175 5148.83
-26.1175 -25.75 5149.36
-25.75 -25.3825 5149.94
-25.3825 -25.015 5150.48
-25.015 -24.6475 5151.07
-24.6475 -24.28 5151.6
-24.28 -23.9125 5152.15
-23.9125 -23.545 5152.7
-23.545 -23.1775 5153.23
-23.1775 -22.81 5153.75
-22.81 -22.4425 5154.29
-22.4425 -22.075 5154.83
-22.075 -21.7075 5155.38
-21.7075 -21.34 5155.92
-21.34 -20.9725 5156.48
-20.9725 -20.605 5157.01
-20.605 -20.2375 5157.52
-20.2375 -19.87 5158.04
-19.87 -19.5025 5158.59
-19.5025 -19.135 5159.08
-19.135 -18.7675 5159.58
-18.7675 -18.4 5160.14
-18.4 -18.0325 5160.62
-18.0325 -17.665 5161.15
-17.665 -17.2975 5161.68
-17.2975 -16.93 5162.15
-16.93 -16.5625 5162.64
-16.5625 -16.195 5163.15
-16.195 -15.8275 5163.63
-15.8275 -15.46 5164.15
-15.46 -15.0925 5164.57
-15.0925 -14.725 5165.05
-14.725 -14.3575 5165.55
-14.3575 -13.99 5165.99
-13.99 -13.6225 5166.44
-13.6225 -13.255 5166.84
-13.255 -12.8875 5167.25
-12.8875 -12.52 5167.7
-12.52 -12.1525 5168.1
-12.1525 -11.785 5168.52
-11.785 -11.4175 5168.97
-11.4175 -11.05 5169.36
-11.05 -10.6825 5169.78
-10.6825 -10.315 5170.19
-10.315 -9.9475 5170.56
-9.9475 -9.58 5170.94
-9.58 -9.2125 5171.3
-9.2125 -8.845 5171.66
-8.845 -8.4775 5171.98
-8.4775 -8.11 5172.35
-8.11 -7.7425 5172.66
-7.7425 -7.375 5173
-7.375 -7.0075 5173.3
-7.0075 -6.64 5173.58
-6.64 -6.2725 5173.84
-6.2725 -5.905 5174.16
-5.905 -5.5375 5174.39
-5.5375 -5.17 5174.66
-5.17 -4.8025 5174.87
-4.8025 -4.435 5175.12
-4.435 -4.0675 5175.33
-4.0675 -3.7 5175.51
-3.7 -3.3325 5175.7
-3.3325 -2.965 5175.83
-2.965 -2.5975 5175.99
-2.5975 -2.23 5176.1
-2.23 -1.8625 5176.21
-1.8625 -1.495 5176.29
-1.495 -1.1275 5176.39
-1.1275 -0.76 5176.45
-0.76 -0.3925 5176.53
-0.3925 -0.025 5176.54
-0.025 0.3425 5176.55
0.3425 0.71 5176.52
0.71 1.0775 5176.5
1.0775 1.445 5176.44
1.445 1.8125 5176.39
1.8125 2.18 5176.3
2.18 2.5475 5176.19
2.5475 2.915 5176.11
2.915 3.2825 5176
3.2825 3.65 5175.8
3.65 4.0175 5175.64
4.0175 4.385 5175.48
4.385 4.7525 5175.29
4.7525 5.12 5175.09
5.12 5.4875 5174.83
5.4875 5.855 5174.57
5.855 6.2225 5174.26
6.2225 6.59 5173.98
6.59 6.9575 5173.72
6.9575 7.325 5173.43
7.325 7.6925 5173.12
7.6925 8.06 5172.8
8.06 8.4275 5172.47
8.4275 8.795 5172.12
8.795 9.1625 5171.75
9.1625 9.53 5171.39
9.53 9.8975 5170.98
9.8975 10.265 5169.47
10.265 10.6325 0
10.6325 11 0
