-15 -14.935 0
-14.935 -14.87 0
-14.87 -14.805 0
-14.805 -14.74 0
-14.74 -14.675 0
-14.675 -14.61 0
-14.61 -14.545 0
-14.545 -14.48 0
-14.48 -14.415 0
-14.415 -14.35 0
-14.35 -14.285 0
-14.285 -14.22 0
-14.22 -14.155 0
-14.155 -14.09 0
-14.09 -14.025 0
-14.025 -13.96 3832.63
-13.96 -13.895 3833.44
-13.895 -13.83 3833.86
-13.83 -13.765 3834.38
-13.765 -13.7 3834.87
-13.7 -13.635 3835.32
-13.635 -13.57 3835.74
-13.57 -13.505 3836.21
-13.505 -13.44 3836.67
-13.44 -13.375 3837.1
-13.375 -13.31 3837.6
-13.31 -13.245 3838.08
-13.245 -13.18 3838.52
-13.18 -13.115 3838.96
-13.115 -13.05 3839.35
-13.05 -12.985 3839.75
-12.985 -12.92 3840.2
-12.92 -12.855 3840.69
-12.855 -12.79 3841.09
-12.79 -12.725 3841.49
-12.725 -12.66 3841.92
-12.66 -12.595 3842.36
-12.595 -12.53 3842.7
-12.53 -12.465 3843.15
-12.465 -12.4 3843.56
-12.4 -12.335 3843.97
-12.335 -12.27 3844.38
-12.27 -12.205 3844.79
-12.205 -12.14 3845.19
-12.14 -12.075 3845.59
-12.075 -12.01 3845.95
-12.01 -11.945 3846.39
-11.945 -11.88 3846.7
-11.88 -11.815 3847.14
-11.815 -11.75 3847.53
-11.75 -11.685 3847.88
-11.685 -11.62 3848.21
-11.62 -11.555 3848.57
-11.555 -11.49 3848.99
-11.49 -11.425 3849.46
-11.425 -11.36 3849.74
-11.36 -11.295 3850.09
-11.295 -11.23 3850.42
-11.23 -11.165 3850.83
-11.165 -11.1 3851.16
-11.1 -11.035 3851.56
-11.035 -10.97 3851.94
-10.97 -10.905 3852.21
-10.905 -10.84 3852.66
-10.84 -10.775 3852.94
-10.775 -10.71 3853.28
-10.71 -10.645 3853.69
-10.645 -10.58 3854
-10.58 -10.515 3854.35
-10.515 -10.45 3854.7
-10.45 -10.385 3855.02
-10.385 -10.32 3855.38
-10.32 -10.255 3855.77
-10.255 -10.19 3856.05
-10.19 -10.125 3856.33
-10.125 -10.06 3856.74
-10.06 -9.995 3856.98
-9.995 -9.93 3857.39
-9.93 -9.865 3857.73
-9.865 -9.8 3858.03
-9.8 -9.735 3858.36
-9.735 -9.67 3858.69
-9.67 -9.605 3858.96
-9.605 -9.54 3859.23
-9.54 -9.475 3859.6
-9.475 -9.41 3859.92
-9.41 -9.345 3860.22
-9.345 -9.28 3860.52
-9.28 -9.215 3860.86
-9.215 -9.15 3861.11
-9.15 -9.085 3861.48
-9.085 -9.02 3861.71
-9.02 -8.955 3862.05
-8.955 -8.89 3862.35
-8.89 -8.825 3862.61
-8.825 -8.76 3862.96
-8.76 -8.695 3863.23
-8.695 -8.63 3863.56
-8.63 -8.565 3863.81
-8.565 -8.5 3864.12
-8.5 -8.435 3864.44
-8.435 -8.37 3864.74
-8.37 -8.305 3865.01
-8.305 -8.24 3865.33
-8.24 -8.175 3865.6
-8.175 -8.11 3865.9
-8.11 -8.045 3866.17
-8.045 -7.98 3866.48
-7.98 -7.915 3866.78
-7.915 -7.85 3867.09
-7.85 -7.785 3867.33
-7.785 -7.72 3867.66
-7.72 -7.655 3867.95
-7.655 -7.59 3868.21
-7.59 -7.525 3868.45
-7.525 -7.46 3868.74
-7.46 -7.395 3869.05
-7.395 -7.33 3869.32
-7.33 -7.265 3869.58
-7.265 -7.2 3869.9
-7.2 -7.135 3870.15
-7.135 -7.07 3870.43
-7.07 -7.005 3870.69
-7.005 -6.94 3870.98
-6.94 -6.875 3871.26
-6.875 -6.81 3871.52
-6.81 -6.745 3871.76
-6.745 -6.68 3872.06
-6.68 -6.615 3872.34
-6.615 -6.55 3872.62
-6.55 -6.485 3872.94
-6.485 -6.42 3873.16
-6.42 -6.355 3873.44
-6.355 -6.29 3873.67
-6.29 -6.225 3873.96
-6.225 -6.16 3874.23
-6.16 -6.095 3874.5
-6.095 -6.03 3874.73
-6.03 -5.965 3875
-5.965 -5.9 3875.25
-5.9 -5.835 3875.55
-5.835 -5.77 3875.82
-5.77 -5.705 3876.07
-5.705 -5.64 3876.33
-5.64 -5.575 3876.61
-5.575 -5.51 3876.88
-5.51 -5.445 3877.14
-5.445 -5.38 3877.4
-5.38 -5.315 3877.64
-5.315 -5.25 3877.92
-5.25 -5.185 3878.16
-5.185 -5.12 3878.43
-5.12 -5.055 3878.67
-5.055 -4.99 3878.94
-4.99 -4.925 3879.18
-4.925 -4.86 3879.45
-4.86 -4.795 3879.7
-4.795 -4.73 3879.97
-4.73 -4.665 3880.22
-4.665 -4.6 3880.48
-4.6 -4.535 3880.72
-4.535 -4.47 3881.02
-4.47 -4.405 3881.22
-4.405 -4.34 3881.49
-4.34 -4.275 3881.74
-4.275 -4.21 3881.99
-4.21 -4.145 3882.22
-4.145 -4.08 3882.5
-4.08 -4.015 3882.72
-4.015 -3.95 3882.95
-3.95 -3.885 3883.22
-3.885 -3.82 3883.48
-3.82 -3.755 3883.71
-3.755 -3.69 3883.96
-3.69 -3.625 3884.2
-3.625 -3.56 3884.43
-3.56 -3.495 3884.69
-3.495 -3.43 3884.94
-3.43 -3.365 3885.17
-3.365 -3.3 3885.42
-3.3 -3.235 3885.65
-3.235 -3.17 3885.86
-3.17 -3.105 3886.11
-3.105 -3.04 3886.35
-3.04 -2.975 3886.58
-2.975 -2.91 3886.81
-2.91 -2.845 3887.06
-2.845 -2.78 3887.25
-2.78 -2.715 3887.48
-2.715 -2.65 3887.7
-2.65 -2.585 3887.92
-2.585 -2.52 3888.14
-2.52 -2.455 3888.36
-2.455 -2.39 3888.57
-2.39 -2.325 3888.74
-2.325 -2.26 3888.95
-2.26 -2.195 3889.16
-2.195 -2.13 3889.35
-2.13 -2.065 3889.56
-2.065 -2 3889.73
-2 -1.935 3889.9
-1.935 -1.87 3890.08
-1.87 -1.805 3890.27
-1.805 -1.74 3890.45
-1.74 -1.675 3890.59
-1.675 -1.61 3890.76
-1.61 -1.545 3890.93
-1.545 -1.48 3891.08
-1.48 -1.415 3891.24
-1.415 -1.35 3891.36
-1.35 -1.285 3891.51
-1.285 -1.22 3891.61
-1.22 -1.155 3891.75
-1.155 -1.09 3891.87
-1.09 -1.025 3892
-1.025 -0.96 3892.11
-0.96 -0.895 3892.2
-0.895 -0.83 3892.31
-0.83 -0.765 3892.39
-0.765 -0.7 3892.49
-0.7 -0.635 3892.55
-0.635 -0.57 3892.64
-0.57 -0.505 3892.68
-0.505 -0.44 3892.74
-0.44 -0.375 3892.78
-0.375 -0.31 3892.84
-0.31 -0.245 3892.85
-0.245 -0.18 3892.89
-0.18 -0.115 3892.91
-0.115 -0.05 3892.91
-0.05 0.015 3892.91
0.015 0.08 3892.91
0.08 0.145 3892.91
0.145 0.21 3892.9
0.21 0.275 3892.87
0.275 0.34 3892.85
0.34 0.405 3892.81
0.405 0.47 3892.75
0.47 0.535 3892.71
0.535 0.6 3892.65
0.6 0.665 3892.57
0.665 0.73 3892.51
0.73 0.795 3892.43
0.795 0.86 3892.35
0.86 0.925 3892.25
0.925 0.99 3892.17
0.99 1.055 3892.06
1.055 1.12 3891.94
1.12 1.185 3891.84
1.185 1.25 3891.71
1.25 1.315 3891.58
1.315 1.38 3891.45
1.38 1.445 3891.32
1.445 1.51 3891.18
1.51 1.575 3891
1.575 1.64 3890.88
1.64 1.705 3890.7
1.705 1.77 3890.53
1.77 1.835 3890.37
1.835 1.9 3890.2
1.9 1.965 3890.03
1.965 2.03 3889.84
2.03 2.095 3889.68
2.095 2.16 3889.46
2.16 2.225 3889.27
2.225 2.29 3889.11
2.29 2.355 3888.9
2.355 2.42 3888.69
2.42 2.485 3888.5
2.485 2.55 3888.29
2.55 2.615 3888.05
2.615 2.68 3887.86
2.68 2.745 3887.66
2.745 2.81 3887.42
2.81 2.875 3887.19
2.875 2.94 3886.96
2.94 3.005 3886.73
3.005 3.07 3886.48
3.07 3.135 3886.26
3.135 3.2 3886.03
3.2 3.265 3885.79
3.265 3.33 3885.52
3.33 3.395 3885.28
3.395 3.46 3885.05
3.46 3.525 3884.77
3.525 3.59 3884.51
3.59 3.655 3884.26
3.655 3.72 3884
3.72 3.785 3883.73
3.785 3.85 3883.44
3.85 3.915 3883.19
3.915 3.98 3882.91
3.98 4.045 3882.61
4.045 4.11 3882.34
4.11 4.175 3882.03
4.175 4.24 3881.79
4.24 4.305 3881.49
4.305 4.37 3881.17
4.37 4.435 3880.9
4.435 4.5 3880.62
4.5 4.565 3880.33
4.565 4.63 3880.03
4.63 4.695 3879.72
4.695 4.76 3879.4
4.76 4.825 3879.1
4.825 4.89 3878.8
4.89 4.955 3878.45
4.955 5.02 3878.15
5.02 5.085 3877.84
5.085 5.15 3877.54
5.15 5.215 3877.2
5.215 5.28 3876.87
5.28 5.345 3876.53
5.345 5.41 3876.23
5.41 5.475 3875.88
5.475 5.54 3875.55
5.54 5.605 3875.21
5.605 5.67 3874.89
5.67 5.735 3874.52
5.735 5.8 3874.13
5.8 5.865 3873.81
5.865 5.93 3873.41
5.93 5.995 3873.07
5.995 6.06 3872.72
6.06 6.125 3872.35
6.125 6.19 3871.95
6.19 6.255 3871.58
6.255 6.32 3871.15
6.32 6.385 3870.79
6.385 6.45 3870.4
6.45 6.515 3869.99
6.515 6.58 3869.63
6.58 6.645 3869.21
6.645 6.71 3868.83
6.71 6.775 3868.42
6.775 6.84 3868
6.84 6.905 3867.62
6.905 6.97 3867.14
6.97 7.035 3866.73
7.035 7.1 3866.31
7.1 7.165 3865.92
7.165 7.23 3865.48
7.23 7.295 3865.03
7.295 7.36 3864.59
7.36 7.425 3864.19
7.425 7.49 3863.71
7.49 7.555 3863.24
7.555 7.62 3862.78
7.62 7.685 3862.33
7.685 7.75 3861.86
7.75 7.815 3861.38
7.815 7.88 3860.92
7.88 7.945 3860.45
7.945 8.01 3859.93
8.01 8.075 3859.43
8.075 8.14 3858.94
8.14 8.205 3858.5
8.205 8.27 3857.94
8.27 8.335 3857.46
8.335 8.4 3856.89
8.4 8.465 3856.42
8.465 8.53 3855.89
8.53 8.595 3855.32
8.595 8.66 3854.8
8.66 8.725 3854.28
8.725 8.79 3853.7
8.79 8.855 3853.18
8.855 8.92 3852.59
8.92 8.985 3852.01
8.985 9.05 3851.43
9.05 9.115 3850.94
9.115 9.18 3850.42
9.18 9.245 3849.79
9.245 9.31 3849.16
9.31 9.375 3848.64
9.375 9.44 3847.98
9.44 9.505 3847.36
9.505 9.57 3846.73
9.57 9.635 3846.1
9.635 9.7 3845.53
9.7 9.765 3844.83
9.765 9.83 3844.29
9.83 9.895 3843.7
9.895 9.96 3843.01
9.96 10.025 3841.98
10.025 10.09 0
10.09 10.155 0
10.155 10.22 0
10.22 10.285 0
10.285 10.35 0
10.35 10.415 0
10.415 10.48 0
10.48 10.545 0
10.545 10.61 0
10.61 10.675 0
10.675 10.74 0
10.74 10.805 0
10.805 10.87 0
10.87 10.935 0
10.935 11 0
