-180 -179.1 0
-179.1 -178.2 0
-178.2 -177.3 0
-177.3 -176.4 1
-176.4 -175.5 0
-175.5 -174.6 0
-174.6 -173.7 1
-173.7 -172.8 0
-172.8 -171.9 0
-171.9 -171 0
-171 -170.1 0
-170.1 -169.2 0
-169.2 -168.3 0
-168.3 -167.4 1
-167.4 -166.5 0
-166.5 -165.6 0
-165.6 -164.7 0
-164.7 -163.8 0
-163.8 -162.9 0
-162.9 -162 0
-162 -161.1 0
-161.1 -160.2 1
-160.2 -159.3 0
-159.3 -158.4 0
-158.4 -157.5 1
-157.5 -156.6 0
-156.6 -155.7 0
-155.7 -154.8 0
-154.8 -153.9 1
-153.9 -153 0
-153 -152.1 1
-152.1 -151.2 0
-151.2 -150.3 1
-150.3 -149.4 1
-149.4 -148.5 0
-148.5 -147.6 0
-147.6 -146.7 1
-146.7 -145.8 0
-145.8 -144.9 0
-144.9 -144 1
-144 -143.1 1695
-143.1 -142.2 3321
-142.2 -141.3 7400
-141.3 -140.4 11388
-140.4 -139.5 11896
-139.5 -138.6 14042
-138.6 -137.7 17552
-137.7 -136.8 22030
-136.8 -135.9 22033
-135.9 -135 22196
-135 -134.1 22374
-134.1 -133.2 22505
-133.2 -132.3 22513
-132.3 -131.4 22620
-131.4 -130.5 23228
-130.5 -129.6 23292
-129.6 -128.7 24152
-128.7 -127.8 24430
-127.8 -126.9 24536
-126.9 -126 24682
-126 -125.1 24846
-125.1 -124.2 25336
-124.2 -123.3 25429
-123.3 -122.4 25442
-122.4 -121.5 25883
-121.5 -120.6 25931
-120.6 -119.7 26645
-119.7 -118.8 27032
-118.8 -117.9 27427
-117.9 -117 27793
-117 -116.1 28009
-116.1 -115.2 28224
-115.2 -114.3 28229
-114.3 -113.4 28716
-113.4 -112.5 28769
-112.5 -111.6 28775
-111.6 -110.7 28949
-110.7 -109.8 29167
-109.8 -108.9 29179
-108.9 -108 29332
-108 -107.1 29347
-107.1 -106.2 29370
-106.2 -105.3 29592
-105.3 -104.4 29680
-104.4 -103.5 29693
-103.5 -102.6 29696
-102.6 -101.7 29705
-101.7 -100.8 29757
-100.8 -99.9 29812
-99.9 -99 29905
-99 -98.1 29972
-98.1 -97.2 30065
-97.2 -96.3 30179
-96.3 -95.4 30199
-95.4 -94.5 30252
-94.5 -93.6 30306
-93.6 -92.7 30321
-92.7 -91.8 30366
-91.8 -90.9 30372
-90.9 -90 30417
-90 -89.1 30468
-89.1 -88.2 30567
-88.2 -87.3 30605
-87.3 -86.4 30621
-86.4 -85.5 30686
-85.5 -84.6 30721
-84.6 -83.7 30739
-83.7 -82.8 30742
-82.8 -81.9 30793
-81.9 -81 30811
-81 -80.1 30817
-80.1 -79.2 30817
-79.2 -78.3 30828
-78.3 -77.4 30903
-77.4 -76.5 30920
-76.5 -75.6 30918
-75.6 -74.7 30926
-74.7 -73.8 30936
-73.8 -72.9 30946
-72.9 -72 30948
-72 -71.1 30995
-71.1 -70.2 30996
-70.2 -69.3 31011
-69.3 -68.4 31003
-68.4 -67.5 31023
-67.5 -66.6 31040
-66.6 -65.7 31047
-65.7 -64.8 31047
-64.8 -63.9 31052
-63.9 -63 31056
-63 -62.1 31059
-62.1 -61.2 31070
-61.2 -60.3 31096
-60.3 -59.4 31107
-59.4 -58.5 31120
-58.5 -57.6 31156
-57.6 -56.7 31156
-56.7 -55.8 31159
-55.8 -54.9 31163
-54.9 -54 31167
-54 -53.1 31170
-53.1 -52.2 31181
-52.2 -51.3 31198
-51.3 -50.4 31203
-50.4 -49.5 31203
-49.5 -48.6 31217
-48.6 -47.7 31220
-47.7 -46.8 31218
-46.8 -45.9 31244
-45.9 -45 31270
-45 -44.1 31307
-44.1 -43.2 31315
-43.2 -42.3 31331
-42.3 -41.4 31347
-41.4 -40.5 31349
-40.5 -39.6 31369
-39.6 -38.7 31373
-38.7 -37.8 31406
-37.8 -36.9 31416
-36.9 -36 31422
-36 -35.1 31425
-35.1 -34.2 31431
-34.2 -33.3 31442
-33.3 -32.4 31445
-32.4 -31.5 31441
-31.5 -30.6 31452
-30.6 -29.7 31455
-29.7 -28.8 31459
-28.8 -27.9 31473
-27.9 -27 31472
-27 -26.1 31480
-26.1 -25.2 31482
-25.2 -24.3 31488
-24.3 -23.4 31518
-23.4 -22.5 31552
-22.5 -21.6 31557
-21.6 -20.7 31553
-20.7 -19.8 31554
-19.8 -18.9 31553
-18.9 -18 31554
-18 -17.1 31560
-17.1 -16.2 31561
-16.2 -15.3 31622
-15.3 -14.4 31632
-14.4 -13.5 31635
-13.5 -12.6 31640
-12.6 -11.7 31640
-11.7 -10.8 31688
-10.8 -9.9 31693
-9.9 -9 31697
-9 -8.1 31699
-8.1 -7.2 31702
-7.2 -6.3 31731
-6.3 -5.4 31740
-5.4 -4.5 31747
-4.5 -3.6 31762
-3.6 -2.7 31759
-2.7 -1.8 31766
-1.8 -0.9 31758
-0.9 0 31766
0 0.9 31766
0.9 1.8 31780
1.8 2.7 31773
2.7 3.6 31767
3.6 4.5 31769
4.5 5.4 31764
5.4 6.3 31760
6.3 7.2 31759
7.2 8.1 31735
8.1 9 31736
9 9.9 31737
9.9 10.8 31740
10.8 11.7 31734
11.7 12.6 31726
12.6 13.5 31727
13.5 14.4 31723
14.4 15.3 31710
15.3 16.2 31702
16.2 17.1 31687
17.1 18 31686
18 18.9 31687
18.9 19.8 31677
19.8 20.7 31681
20.7 21.6 31658
21.6 22.5 31666
22.5 23.4 31662
23.4 24.3 31658
24.3 25.2 31654
25.2 26.1 31651
26.1 27 31644
27 27.9 31643
27.9 28.8 31636
28.8 29.7 31616
29.7 30.6 31609
30.6 31.5 31608
31.5 32.4 31586
32.4 33.3 31571
33.3 34.2 31564
34.2 35.1 31559
35.1 36 31557
36 36.9 31554
36.9 37.8 31547
37.8 38.7 31549
38.7 39.6 31503
39.6 40.5 31491
40.5 41.4 31491
41.4 42.3 31467
42.3 43.2 31423
43.2 44.1 31410
44.1 45 31402
45 45.9 31390
45.9 46.8 31333
46.8 47.7 31327
47.7 48.6 31323
48.6 49.5 31323
49.5 50.4 31319
50.4 51.3 31262
51.3 52.2 31245
52.2 53.1 31236
53.1 54 31229
54 54.9 31234
54.9 55.8 31216
55.8 56.7 31212
56.7 57.6 31202
57.6 58.5 31178
58.5 59.4 31149
59.4 60.3 31138
60.3 61.2 31125
61.2 62.1 31109
62.1 63 31084
63 63.9 31070
63.9 64.8 31068
64.8 65.7 31067
65.7 66.6 31063
66.6 67.5 31023
67.5 68.4 30985
68.4 69.3 30970
69.3 70.2 30974
70.2 71.1 30944
71.1 72 30941
72 72.9 30932
72.9 73.8 30900
73.8 74.7 30899
74.7 75.6 30844
75.6 76.5 30825
76.5 77.4 30819
77.4 78.3 30797
78.3 79.2 30752
79.2 80.1 30744
80.1 81 30734
81 81.9 30725
81.9 82.8 30699
82.8 83.7 30696
83.7 84.6 30691
84.6 85.5 30668
85.5 86.4 30658
86.4 87.3 30657
87.3 88.2 30657
88.2 89.1 30615
89.1 90 30611
90 90.9 30608
90.9 91.8 30605
91.8 92.7 30592
92.7 93.6 30584
93.6 94.5 30559
94.5 95.4 30536
95.4 96.3 30525
96.3 97.2 30506
97.2 98.1 30473
98.1 99 30459
99 99.9 30461
99.9 100.8 30403
100.8 101.7 30378
101.7 102.6 30370
102.6 103.5 30208
103.5 104.4 30190
104.4 105.3 30192
105.3 106.2 30190
106.2 107.1 30183
107.1 108 30080
108 108.9 30076
108.9 109.8 29992
109.8 110.7 29982
110.7 111.6 29949
111.6 112.5 29968
112.5 113.4 29915
113.4 114.3 29912
114.3 115.2 29803
115.2 116.1 29736
116.1 117 29731
117 117.9 29714
117.9 118.8 29711
118.8 119.7 29710
119.7 120.6 29589
120.6 121.5 29501
121.5 122.4 29457
122.4 123.3 29385
123.3 124.2 29318
124.2 125.1 29219
125.1 126 29204
126 126.9 29194
126.9 127.8 29160
127.8 128.7 28788
128.7 129.6 28702
129.6 130.5 28542
130.5 131.4 28395
131.4 132.3 28348
132.3 133.2 28178
133.2 134.1 28177
134.1 135 28114
135 135.9 28113
135.9 136.8 27837
136.8 137.7 27812
137.7 138.6 27792
138.6 139.5 27625
139.5 140.4 27506
140.4 141.3 27039
141.3 142.2 27009
142.2 143.1 27009
143.1 144 26874
144 144.9 26894
144.9 145.8 26749
145.8 146.7 26612
146.7 147.6 26373
147.6 148.5 26118
148.5 149.4 25485
149.4 150.3 24397
150.3 151.2 21265
151.2 152.1 20824
152.1 153 20260
153 153.9 19627
153.9 154.8 18674
154.8 155.7 18605
155.7 156.6 18369
156.6 157.5 18365
157.5 158.4 17976
158.4 159.3 17156
159.3 160.2 16998
160.2 161.1 16620
161.1 162 15508
162 162.9 13114
162.9 163.8 11872
163.8 164.7 7850
164.7 165.6 6217
165.6 166.5 1524
166.5 167.4 0
167.4 168.3 0
168.3 169.2 0
169.2 170.1 0
170.1 171 0
171 171.9 0
171.9 172.8 0
172.8 173.7 0
173.7 174.6 0
174.6 175.5 0
175.5 176.4 0
176.4 177.3 0
177.3 178.2 0
178.2 179.1 0
179.1 180 0
