-160 -159.2 0
-159.2 -158.4 0
-158.4 -157.6 0
-157.6 -156.8 0
-156.8 -156 0
-156 -155.2 0
-155.2 -154.4 1
-154.4 -153.6 0
-153.6 -152.8 0
-152.8 -152 1
-152 -151.2 0
-151.2 -150.4 0
-150.4 -149.6 0
-149.6 -148.8 0
-148.8 -148 1
-148 -147.2 0
-147.2 -146.4 1
-146.4 -145.6 0
-145.6 -144.8 0
-144.8 -144 0
-144 -143.2 1
-143.2 -142.4 0
-142.4 -141.6 0
-141.6 -140.8 0
-140.8 -140 0
-140 -139.2 1
-139.2 -138.4 0
-138.4 -137.6 0
-137.6 -136.8 1
-136.8 -136 0
-136 -135.2 0
-135.2 -134.4 0
-134.4 -133.6 0
-133.6 -132.8 0
-132.8 -132 0
-132 -131.2 0
-131.2 -130.4 1
-130.4 -129.6 0
-129.6 -128.8 0
-128.8 -128 0
-128 -127.2 0
-127.2 -126.4 1527
-126.4 -125.6 7988
-125.6 -124.8 11476
-124.8 -124 14702
-124 -123.2 15503
-123.2 -122.4 17525
-122.4 -121.6 19479
-121.6 -120.8 19907
-120.8 -120 20267
-120 -119.2 20455
-119.2 -118.4 21056
-118.4 -117.6 21228
-117.6 -116.8 21876
-116.8 -116 21895
-116 -115.2 22812
-115.2 -114.4 22888
-114.4 -113.6 23136
-113.6 -112.8 24091
-112.8 -112 24983
-112 -111.2 25169
-111.2 -110.4 25170
-110.4 -109.6 25268
-109.6 -108.8 26277
-108.8 -108 26323
-108 -107.2 26363
-107.2 -106.4 26371
-106.4 -105.6 26442
-105.6 -104.8 26622
-104.8 -104 26849
-104 -103.2 26924
-103.2 -102.4 27033
-102.4 -101.6 27102
-101.6 -100.8 27192
-100.8 -100 27346
-100 -99.2 27428
-99.2 -98.4 27593
-98.4 -97.6 27593
-97.6 -96.8 27613
-96.8 -96 27655
-96 -95.2 27712
-95.2 -94.4 27729
-94.4 -93.6 27729
-93.6 -92.8 27729
-92.8 -92 27910
-92 -91.2 28051
-91.2 -90.4 28096
-90.4 -89.6 28103
-89.6 -88.8 28265
-88.8 -88 28462
-88 -87.2 28532
-87.2 -86.4 28558
-86.4 -85.6 28585
-85.6 -84.8 28617
-84.8 -84 28613
-84 -83.2 28632
-83.2 -82.4 28673
-82.4 -81.6 28692
-81.6 -80.8 28683
-80.8 -80 28697
-80 -79.2 28717
-79.2 -78.4 28729
-78.4 -77.6 28759
-77.6 -76.8 28779
-76.8 -76 28819
-76 -75.2 28890
-75.2 -74.4 28946
-74.4 -73.6 28952
-73.6 -72.8 28951
-72.8 -72 28976
-72 -71.2 28974
-71.2 -70.4 28977
-70.4 -69.6 29006
-69.6 -68.8 29015
-68.8 -68 29020
-68 -67.2 29024
-67.2 -66.4 29036
-66.4 -65.6 29043
-65.6 -64.8 29043
-64.8 -64 29050
-64 -63.2 29050
-63.2 -62.4 29061
-62.4 -61.6 29077
-61.6 -60.8 29092
-60.8 -60 29103
-60 -59.2 29105
-59.2 -58.4 29109
-58.4 -57.6 29109
-57.6 -56.8 29112
-56.8 -56 29111
-56 -55.2 29114
-55.2 -54.4 29125
-54.4 -53.6 29127
-53.6 -52.8 29162
-52.8 -52 29162
-52 -51.2 29168
-51.2 -50.4 29171
-50.4 -49.6 29197
-49.6 -48.8 29190
-48.8 -48 29205
-48 -47.2 29215
-47.2 -46.4 29225
-46.4 -45.6 29227
-45.6 -44.8 29227
-44.8 -44 29263
-44 -43.2 29273
-43.2 -42.4 29281
-42.4 -41.6 29328
-41.6 -40.8 29339
-40.8 -40 29349
-40 -39.2 29355
-39.2 -38.4 29368
-38.4 -37.6 29370
-37.6 -36.8 29396
-36.8 -36 29429
-36 -35.2 29451
-35.2 -34.4 29486
-34.4 -33.6 29488
-33.6 -32.8 29508
-32.8 -32 29518
-32 -31.2 29524
-31.2 -30.4 29522
-30.4 -29.6 29541
-29.6 -28.8 29541
-28.8 -28 29565
-28 -27.2 29572
-27.2 -26.4 29591
-26.4 -25.6 29596
-25.6 -24.8 29601
-24.8 -24 29637
-24 -23.2 29637
-23.2 -22.4 29653
-22.4 -21.6 29653
-21.6 -20.8 29655
-20.8 -20 29664
-20 -19.2 29674
-19.2 -18.4 29681
-18.4 -17.6 29683
-17.6 -16.8 29684
-16.8 -16 29691
-16 -15.2 29701
-15.2 -14.4 29705
-14.4 -13.6 29718
-13.6 -12.8 29715
-12.8 -12 29708
-12 -11.2 29723
-11.2 -10.4 29723
-10.4 -9.6 29728
-9.6 -8.8 29722
-8.8 -8 29736
-8 -7.2 29735
-7.2 -6.4 29755
-6.4 -5.6 29762
-5.6 -4.8 29782
-4.8 -4 29791
-4 -3.2 29789
-3.2 -2.4 29772
-2.4 -1.6 29799
-1.6 -0.8 29806
-0.8 0 29800
0 0.8 29816
0.8 1.6 29820
1.6 2.4 29812
2.4 3.2 29800
3.2 4 29800
4 4.8 29797
4.8 5.6 29798
5.6 6.4 29795
6.4 7.2 29794
7.2 8 29790
8 8.8 29792
8.8 9.6 29779
9.6 10.4 29782
10.4 11.2 29784
11.2 12 29785
12 12.8 29781
12.8 13.6 29773
13.6 14.4 29770
14.4 15.2 29766
15.2 16 29765
16 16.8 29761
16.8 17.6 29752
17.6 18.4 29726
18.4 19.2 29711
19.2 20 29698
20 20.8 29685
20.8 21.6 29650
21.6 22.4 29647
22.4 23.2 29638
23.2 24 29622
24 24.8 29620
24.8 25.6 29624
25.6 26.4 29611
26.4 27.2 29594
27.2 28 29581
28 28.8 29579
28.8 29.6 29582
29.6 30.4 29583
30.4 31.2 29569
31.2 32 29568
32 32.8 29563
32.8 33.6 29557
33.6 34.4 29542
34.4 35.2 29535
35.2 36 29534
36 36.8 29519
36.8 37.6 29511
37.6 38.4 29494
38.4 39.2 29500
39.2 40 29491
40 40.8 29449
40.8 41.6 29426
41.6 42.4 29422
42.4 43.2 29423
43.2 44 29406
44 44.8 29397
44.8 45.6 29362
45.6 46.4 29361
46.4 47.2 29345
47.2 48 29334
48 48.8 29329
48.8 49.6 29329
49.6 50.4 29327
50.4 51.2 29322
51.2 52 29282
52 52.8 29281
52.8 53.6 29273
53.6 54.4 29272
54.4 55.2 29268
55.2 56 29263
56 56.8 29235
56.8 57.6 29192
57.6 58.4 29180
58.4 59.2 29172
59.2 60 29146
60 60.8 29114
60.8 61.6 29113
61.6 62.4 29110
62.4 63.2 29110
63.2 64 29071
64 64.8 29060
64.8 65.6 29046
65.6 66.4 29038
66.4 67.2 29038
67.2 68 29030
68 68.8 29029
68.8 69.6 29024
69.6 70.4 29010
70.4 71.2 29003
71.2 72 28994
72 72.8 28980
72.8 73.6 28982
73.6 74.4 28980
74.4 75.2 28962
75.2 76 28934
76 76.8 28932
76.8 77.6 28927
77.6 78.4 28899
78.4 79.2 28899
79.2 80 28872
80 80.8 28797
80.8 81.6 28785
81.6 82.4 28783
82.4 83.2 28776
83.2 84 28738
84 84.8 28735
84.8 85.6 28716
85.6 86.4 28700
86.4 87.2 28702
87.2 88 28671
88 88.8 28669
88.8 89.6 28656
89.6 90.4 28657
90.4 91.2 28644
91.2 92 28641
92 92.8 28620
92.8 93.6 28614
93.6 94.4 28614
94.4 95.2 28610
95.2 96 28600
96 96.8 28587
96.8 97.6 28582
97.6 98.4 28540
98.4 99.2 28523
99.2 100 28515
100 100.8 28491
100.8 101.6 28477
101.6 102.4 28393
102.4 103.2 28392
103.2 104 28354
104 104.8 28281
104.8 105.6 28291
105.6 106.4 28248
106.4 107.2 28223
107.2 108 28135
108 108.8 28094
108.8 109.6 28095
109.6 110.4 28077
110.4 111.2 28065
111.2 112 28069
112 112.8 28009
112.8 113.6 27919
113.6 114.4 27854
114.4 115.2 27812
115.2 116 27704
116 116.8 27687
116.8 117.6 27589
117.6 118.4 27532
118.4 119.2 27494
119.2 120 27481
120 120.8 27460
120.8 121.6 27468
121.6 122.4 27433
122.4 123.2 27195
123.2 124 27069
124 124.8 26995
124.8 125.6 26887
125.6 126.4 26861
126.4 127.2 26862
127.2 128 26860
128 128.8 26751
128.8 129.6 26740
129.6 130.4 26752
130.4 131.2 26593
131.2 132 26592
132 132.8 26548
132.8 133.6 26497
133.6 134.4 26510
134.4 135.2 26471
135.2 136 26415
136 136.8 26375
136.8 137.6 26331
137.6 138.4 26266
138.4 139.2 26064
139.2 140 26014
140 140.8 26000
140.8 141.6 25864
141.6 142.4 25737
142.4 143.2 25642
143.2 144 25577
144 144.8 25515
144.8 145.6 25403
145.6 146.4 24973
146.4 147.2 24959
147.2 148 24466
148 148.8 24271
148.8 149.6 24019
149.6 150.4 23479
150.4 151.2 23228
151.2 152 22929
152 152.8 22803
152.8 153.6 21600
153.6 154.4 21589
154.4 155.2 21431
155.2 156 21420
156 156.8 21374
156.8 157.6 20771
157.6 158.4 20640
158.4 159.2 20603
159.2 160 19868
