-180 -179.1 0
-179.1 -178.2 0
-178.2 -177.3 1
-177.3 -176.4 0
-176.4 -175.5 1
-175.5 -174.6 0
-174.6 -173.7 0
-173.7 -172.8 1
-172.8 -171.9 0
-171.9 -171 0
-171 -170.1 0
-170.1 -169.2 1
-169.2 -168.3 1
-168.3 -167.4 1
-167.4 -166.5 0
-166.5 -165.6 0
-165.6 -164.7 0
-164.7 -163.8 0
-163.8 -162.9 0
-162.9 -162 1
-162 -161.1 1
-161.1 -160.2 1
-160.2 -159.3 0
-159.3 -158.4 1
-158.4 -157.5 0
-157.5 -156.6 1
-156.6 -155.7 0
-155.7 -154.8 0
-154.8 -153.9 0
-153.9 -153 0
-153 -152.1 0
-152.1 -151.2 1
-151.2 -150.3 0
-150.3 -149.4 0
-149.4 -148.5 1503
-148.5 -147.6 3146
-147.6 -146.7 3626
-146.7 -145.8 4599
-145.8 -144.9 7868
-144.9 -144 10873
-144 -143.1 12347
-143.1 -142.2 13416
-142.2 -141.3 16927
-141.3 -140.4 17730
-140.4 -139.5 18331
-139.5 -138.6 19471
-138.6 -137.7 20166
-137.7 -136.8 20746
-136.8 -135.9 20856
-135.9 -135 23259
-135 -134.1 23642
-134.1 -133.2 24230
-133.2 -132.3 24338
-132.3 -131.4 24815
-131.4 -130.5 25093
-130.5 -129.6 25760
-129.6 -128.7 25873
-128.7 -127.8 25908
-127.8 -126.9 25920
-126.9 -126 25958
-126 -125.1 26112
-125.1 -124.2 26174
-124.2 -123.3 26493
-123.3 -122.4 26535
-122.4 -121.5 26617
-121.5 -120.6 26996
-120.6 -119.7 27280
-119.7 -118.8 27416
-118.8 -117.9 27415
-117.9 -117 27725
-117 -116.1 27735
-116.1 -115.2 27984
-115.2 -114.3 27994
-114.3 -113.4 27999
-113.4 -112.5 28057
-112.5 -111.6 28187
-111.6 -110.7 28190
-110.7 -109.8 28406
-109.8 -108.9 28499
-108.9 -108 28559
-108 -107.1 28565
-107.1 -106.2 28787
-106.2 -105.3 29000
-105.3 -104.4 29024
-104.4 -103.5 29058
-103.5 -102.6 29074
-102.6 -101.7 29077
-101.7 -100.8 29080
-100.8 -99.9 29081
-99.9 -99 29105
-99 -98.1 29124
-98.1 -97.2 29233
-97.2 -96.3 29417
-96.3 -95.4 29429
-95.4 -94.5 29528
-94.5 -93.6 29531
-93.6 -92.7 29531
-92.7 -91.8 29558
-91.8 -90.9 29566
-90.9 -90 29684
-90 -89.1 29693
-89.1 -88.2 29690
-88.2 -87.3 29729
-87.3 -86.4 29796
-86.4 -85.5 29833
-85.5 -84.6 29846
-84.6 -83.7 29860
-83.7 -82.8 29914
-82.8 -81.9 29917
-81.9 -81 29928
-81 -80.1 30111
-80.1 -79.2 30113
-79.2 -78.3 30116
-78.3 -77.4 30126
-77.4 -76.5 30175
-76.5 -75.6 30192
-75.6 -74.7 30213
-74.7 -73.8 30248
-73.8 -72.9 30257
-72.9 -72 30265
-72 -71.1 30279
-71.1 -70.2 30290
-70.2 -69.3 30285
-69.3 -68.4 30285
-68.4 -67.5 30390
-67.5 -66.6 30440
-66.6 -65.7 30457
-65.7 -64.8 30464
-64.8 -63.9 30629
-63.9 -63 30628
-63 -62.1 30652
-62.1 -61.2 30652
-61.2 -60.3 30654
-60.3 -59.4 30680
-59.4 -58.5 30728
-58.5 -57.6 30742
-57.6 -56.7 30754
-56.7 -55.8 30757
-55.8 -54.9 30757
-54.9 -54 30786
-54 -53.1 30814
-53.1 -52.2 30819
-52.2 -51.3 30826
-51.3 -50.4 30829
-50.4 -49.5 30837
-49.5 -48.6 30893
-48.6 -47.7 30892
-47.7 -46.8 30913
-46.8 -45.9 30926
-45.9 -45 30966
-45 -44.1 30965
-44.1 -43.2 30972
-43.2 -42.3 30979
-42.3 -41.4 30978
-41.4 -40.5 31013
-40.5 -39.6 31011
-39.6 -38.7 31033
-38.7 -37.8 31039
-37.8 -36.9 31054
-36.9 -36 31056
-36 -35.1 31058
-35.1 -34.2 31060
-34.2 -33.3 31061
-33.3 -32.4 31069
-32.4 -31.5 31077
-31.5 -30.6 31098
-30.6 -29.7 31115
-29.7 -28.8 31113
-28.8 -27.9 31118
-27.9 -27 31118
-27 -26.1 31155
-26.1 -25.2 31173
-25.2 -24.3 31184
-24.3 -23.4 31193
-23.4 -22.5 31197
-22.5 -21.6 31222
-21.6 -20.7 31226
-20.7 -19.8 31238
-19.8 -18.9 31243
-18.9 -18 31248
-18 -17.1 31249
-17.1 -16.2 31252
-16.2 -15.3 31251
-15.3 -14.4 31254
-14.4 -13.5 31248
-13.5 -12.6 31270
-12.6 -11.7 31266
-11.7 -10.8 31268
-10.8 -9.9 31269
-9.9 -9 31272
-9 -8.1 31271
-8.1 -7.2 31268
-7.2 -6.3 31264
-6.3 -5.4 31268
-5.4 -4.5 31295
-4.5 -3.6 31303
-3.6 -2.7 31308
-2.7 -1.8 31310
-1.8 -0.9 31313
-0.9 0 31310
0 0.9 31307
0.9 1.8 31309
1.8 2.7 31318
2.7 3.6 31313
3.6 4.5 31308
4.5 5.4 31305
5.4 6.3 31306
6.3 7.2 31306
7.2 8.1 31307
8.1 9 31304
9 9.9 31289
9.9 10.8 31284
10.8 11.7 31284
11.7 12.6 31274
12.6 13.5 31274
13.5 14.4 31254
14.4 15.3 31249
15.3 16.2 31245
16.2 17.1 31219
17.1 18 31221
18 18.9 31214
18.9 19.8 31201
19.8 20.7 31190
20.7 21.6 31192
21.6 22.5 31197
22.5 23.4 31194
23.4 24.3 31193
24.3 25.2 31190
25.2 26.1 31186
26.1 27 31161
27 27.9 31153
27.9 28.8 31154
28.8 29.7 31153
29.7 30.6 31137
30.6 31.5 31138
31.5 32.4 31135
32.4 33.3 31102
33.3 34.2 31087
34.2 35.1 31033
35.1 36 31027
36 36.9 31024
36.9 37.8 31014
37.8 38.7 30993
38.7 39.6 30990
39.6 40.5 30986
40.5 41.4 30977
41.4 42.3 30962
42.3 43.2 30952
43.2 44.1 30950
44.1 45 30948
45 45.9 30937
45.9 46.8 30929
46.8 47.7 30912
47.7 48.6 30893
48.6 49.5 30897
49.5 50.4 30878
50.4 51.3 30876
51.3 52.2 30875
52.2 53.1 30866
53.1 54 30861
54 54.9 30856
54.9 55.8 30852
55.8 56.7 30825
56.7 57.6 30793
57.6 58.5 30768
58.5 59.4 30767
59.4 60.3 30765
60.3 61.2 30764
61.2 62.1 30765
62.1 63 30744
63 63.9 30681
63.9 64.8 30677
64.8 65.7 30660
65.7 66.6 30651
66.6 67.5 30646
67.5 68.4 30644
68.4 69.3 30635
69.3 70.2 30599
70.2 71.1 30603
71.1 72 30584
72 72.9 30592
72.9 73.8 30548
73.8 74.7 30508
74.7 75.6 30410
75.6 76.5 30402
76.5 77.4 30401
77.4 78.3 30395
78.3 79.2 30387
79.2 80.1 30365
80.1 81 30344
81 81.9 30329
81.9 82.8 30333
82.8 83.7 30320
83.7 84.6 30321
84.6 85.5 30296
85.5 86.4 30284
86.4 87.3 30257
87.3 88.2 30231
88.2 89.1 30220
89.1 90 30215
90 90.9 30205
90.9 91.8 30191
91.8 92.7 30133
92.7 93.6 30143
93.6 94.5 30130
94.5 95.4 30064
95.4 96.3 30028
96.3 97.2 30013
97.2 98.1 30007
98.1 99 29969
99 99.9 29974
99.9 100.8 29966
100.8 101.7 29959
101.7 102.6 29936
102.6 103.5 29881
103.5 104.4 29875
104.4 105.3 29852
105.3 106.2 29847
106.2 107.1 29835
107.1 108 29815
108 108.9 29795
108.9 109.8 29789
109.8 110.7 29764
110.7 111.6 29725
111.6 112.5 29698
112.5 113.4 29689
113.4 114.3 29644
114.3 115.2 29508
115.2 116.1 29480
116.1 117 29481
117 117.9 29465
117.9 118.8 29452
118.8 119.7 29338
119.7 120.6 29329
120.6 121.5 29279
121.5 122.4 29061
122.4 123.3 29023
123.3 124.2 28998
124.2 125.1 28957
125.1 126 28953
126 126.9 28661
126.9 127.8 28545
127.8 128.7 28507
128.7 129.6 28348
129.6 130.5 28314
130.5 131.4 28209
131.4 132.3 28210
132.3 133.2 28158
133.2 134.1 28128
134.1 135 27975
135 135.9 27962
135.9 136.8 27945
136.8 137.7 27927
137.7 138.6 27897
138.6 139.5 27865
139.5 140.4 27480
140.4 141.3 26882
141.3 142.2 26784
142.2 143.1 26271
143.1 144 26090
144 144.9 25732
144.9 145.8 25603
145.8 146.7 25559
146.7 147.6 25531
147.6 148.5 25213
148.5 149.4 25139
149.4 150.3 25018
150.3 151.2 24793
151.2 152.1 24112
152.1 153 23763
153 153.9 23480
153.9 154.8 23253
154.8 155.7 22513
155.7 156.6 22279
156.6 157.5 20228
157.5 158.4 18276
158.4 159.3 15567
159.3 160.2 15183
160.2 161.1 13594
161.1 162 12450
162 162.9 11058
162.9 163.8 10761
163.8 164.7 9746
164.7 165.6 8142
165.6 166.5 5861
166.5 167.4 4108
167.4 168.3 0
168.3 169.2 0
169.2 170.1 0
170.1 171 0
171 171.9 0
171.9 172.8 0
172.8 173.7 0
173.7 174.6 0
174.6 175.5 0
175.5 176.4 0
176.4 177.3 0
177.3 178.2 0
178.2 179.1 0
179.1 180 0
