-100 -99.5 0
-99.5 -99 1
-99 -98.5 0
-98.5 -98 0
-98 -97.5 0
-97.5 -97 0
-97 -96.5 0
-96.5 -96 1
-96 -95.5 0
-95.5 -95 0
-95 -94.5 1
-94.5 -94 0
-94 -93.5 0
-93.5 -93 0
-93 -92.5 0
-92.5 -92 1
-92 -91.5 0
-91.5 -91 0
-91 -90.5 0
-90.5 -90 0
-90 -89.5 1
-89.5 -89 0
-89 -88.5 0
-88.5 -88 0
-88 -87.5 1
-87.5 -87 0
-87 -86.5 0
-86.5 -86 0
-86 -85.5 1
-85.5 -85 0
-85 -84.5 0
-84.5 -84 0
-84 -83.5 0
-83.5 -83 208
-83 -82.5 2586
-82.5 -82 2940
-82 -81.5 6793
-81.5 -81 8084
-81 -80.5 10872
-80.5 -80 13891
-80 -79.5 14277
-79.5 -79 14453
-79 -78.5 15665
-78.5 -78 16908
-78 -77.5 17906
-77.5 -77 19593
-77 -76.5 20373
-76.5 -76 20771
-76 -75.5 21713
-75.5 -75 21950
-75 -74.5 22079
-74.5 -74 22211
-74 -73.5 22458
-73.5 -73 22489
-73 -72.5 22840
-72.5 -72 23013
-72 -71.5 23019
-71.5 -71 23294
-71 -70.5 23635
-70.5 -70 23639
-70 -69.5 23871
-69.5 -69 23907
-69 -68.5 24051
-68.5 -68 24075
-68 -67.5 24223
-67.5 -67 24328
-67 -66.5 24608
-66.5 -66 24694
-66 -65.5 24785
-65.5 -65 24819
-65 -64.5 24859
-64.5 -64 25370
-64 -63.5 25580
-63.5 -63 25714
-63 -62.5 25899
-62.5 -62 26027
-62 -61.5 26139
-61.5 -61 26200
-61 -60.5 26214
-60.5 -60 26211
-60 -59.5 26249
-59.5 -59 26254
-59 -58.5 26288
-58.5 -58 26305
-58 -57.5 26317
-57.5 -57 26341
-57 -56.5 26453
-56.5 -56 26505
-56 -55.5 26534
-55.5 -55 26563
-55 -54.5 26589
-54.5 -54 26584
-54 -53.5 26695
-53.5 -53 26719
-53 -52.5 26729
-52.5 -52 26759
-52 -51.5 26783
-51.5 -51 26854
-51 -50.5 26875
-50.5 -50 26873
-50 -49.5 26900
-49.5 -49 26930
-49 -48.5 26985
-48.5 -48 27052
-48 -47.5 27065
-47.5 -47 27083
-47 -46.5 27107
-46.5 -46 27181
-46 -45.5 27198
-45.5 -45 27235
-45 -44.5 27249
-44.5 -44 27315
-44 -43.5 27329
-43.5 -43 27363
-43 -42.5 27379
-42.5 -42 27388
-42 -41.5 27401
-41.5 -41 27424
-41 -40.5 27426
-40.5 -40 27437
-40 -39.5 27448
-39.5 -39 27487
-39 -38.5 27510
-38.5 -38 27512
-38 -37.5 27530
-37.5 -37 27528
-37 -36.5 27539
-36.5 -36 27547
-36 -35.5 27598
-35.5 -35 27602
-35 -34.5 27605
-34.5 -34 27632
-34 -33.5 27661
-33.5 -33 27691
-33 -32.5 27705
-32.5 -32 27795
-32 -31.5 27890
-31.5 -31 27916
-31 -30.5 27966
-30.5 -30 28002
-30 -29.5 28018
-29.5 -29 28035
-29 -28.5 28043
-28.5 -28 28065
-28 -27.5 28099
-27.5 -27 28118
-27 -26.5 28121
-26.5 -26 28125
-26 -25.5 28191
-25.5 -25 28217
-25 -24.5 28230
-24.5 -24 28293
-24 -23.5 28304
-23.5 -23 28312
-23 -22.5 28328
-22.5 -22 28328
-22 -21.5 28354
-21.5 -21 28433
-21 -20.5 28485
-20.5 -20 28495
-20 -19.5 28495
-19.5 -19 28490
-19 -18.5 28499
-18.5 -18 28512
-18 -17.5 28520
-17.5 -17 28540
-17 -16.5 28547
-16.5 -16 28553
-16 -15.5 28560
-15.5 -15 28565
-15 -14.5 28573
-14.5 -14 28600
-14 -13.5 28604
-13.5 -13 28646
-13 -12.5 28647
-12.5 -12 28664
-12 -11.5 28659
-11.5 -11 28689
-11 -10.5 28700
-10.5 -10 28736
-10 -9.5 28749
-9.5 -9 28748
-9 -8.5 28749
-8.5 -8 28763
-8 -7.5 28782
-7.5 -7 28782
-7 -6.5 28800
-6.5 -6 28803
-6 -5.5 28802
-5.5 -5 28803
-5 -4.5 28799
-4.5 -4 28811
-4 -3.5 28822
-3.5 -3 28836
-3 -2.5 28837
-2.5 -2 28837
-2 -1.5 28847
-1.5 -1 28854
-1 -0.5 28872
-0.5 0 28871
0 0.5 28881
0.5 1 28880
1 1.5 28887
1.5 2 28894
2 2.5 28896
2.5 3 28896
3 3.5 28900
3.5 4 28897
4 4.5 28900
4.5 5 28892
5 5.5 28902
5.5 6 28901
6 6.5 28896
6.5 7 28902
7 7.5 28906
7.5 8 28902
8 8.5 28900
8.5 9 28904
9 9.5 28900
9.5 10 28900
10 10.5 28897
10.5 11 28897
11 11.5 28889
11.5 12 28892
12 12.5 28887
12.5 13 28888
13 13.5 28861
13.5 14 28863
14 14.5 28855
14.5 15 28851
15 15.5 28847
15.5 16 28835
16 16.5 28833
16.5 17 28833
17 17.5 28829
17.5 18 28830
18 18.5 28828
18.5 19 28823
19 19.5 28827
19.5 20 28826
20 20.5 28828
20.5 21 28826
21 21.5 28824
21.5 22 28814
22 22.5 28804
22.5 23 28802
23 23.5 28804
23.5 24 28789
24 24.5 28779
24.5 25 28784
25 25.5 28783
25.5 26 28772
26 26.5 28776
26.5 27 28779
27 27.5 28781
27.5 28 28783
28 28.5 28777
28.5 29 28769
29 29.5 28765
29.5 30 28763
30 30.5 28760
30.5 31 28754
31 31.5 28746
31.5 32 28744
32 32.5 28745
32.5 33 28730
33 33.5 28719
33.5 34 28720
34 34.5 28713
34.5 35 28709
35 35.5 28709
35.5 36 28705
36 36.5 28701
36.5 37 28699
37 37.5 28701
37.5 38 28699
38 38.5 28693
38.5 39 28652
39 39.5 28646
39.5 40 28644
40 40.5 28634
40.5 41 28623
41 41.5 28625
41.5 42 28623
42 42.5 28612
42.5 43 28611
43 43.5 28606
43.5 44 28608
44 44.5 28607
44.5 45 28599
45 45.5 28601
45.5 46 28598
46 46.5 28595
46.5 47 28591
47 47.5 28579
47.5 48 28565
48 48.5 28575
48.5 49 28562
49 49.5 28551
49.5 50 28550
50 50.5 28541
50.5 51 28537
51 51.5 28528
51.5 52 28518
52 52.5 28524
52.5 53 28517
53 53.5 28512
53.5 54 28517
54 54.5 28516
54.5 55 28515
55 55.5 28515
55.5 56 28511
56 56.5 28509
56.5 57 28509
57 57.5 28501
57.5 58 28508
58 58.5 28505
58.5 59 28498
59 59.5 28471
59.5 60 28460
60 60.5 28455
60.5 61 28456
61 61.5 28443
61.5 62 28427
62 62.5 28416
62.5 63 28413
63 63.5 28411
63.5 64 28413
64 64.5 28405
64.5 65 28391
65 65.5 28380
65.5 66 28379
66 66.5 28359
66.5 67 28338
67 67.5 28337
67.5 68 28328
68 68.5 28300
68.5 69 28299
69 69.5 28289
69.5 70 28271
70 70.5 28265
70.5 71 28268
71 71.5 28259
71.5 72 28249
72 72.5 28246
72.5 73 28227
73 73.5 28225
73.5 74 28225
74 74.5 28205
74.5 75 28195
75 75.5 28198
75.5 76 28188
76 76.5 28175
76.5 77 28159
77 77.5 28153
77.5 78 28145
78 78.5 28145
78.5 79 28135
79 79.5 28130
79.5 80 28119
80 80.5 28114
80.5 81 28117
81 81.5 28111
81.5 82 28114
82 82.5 28111
82.5 83 28103
83 83.5 28108
83.5 84 28095
84 84.5 28101
84.5 85 28104
85 85.5 28074
85.5 86 28076
86 86.5 28052
86.5 87 28044
87 87.5 28039
87.5 88 28036
88 88.5 28027
88.5 89 28016
89 89.5 28028
89.5 90 28012
90 90.5 28015
90.5 91 28014
91 91.5 28009
91.5 92 28012
92 92.5 28001
92.5 93 28001
93 93.5 28009
93.5 94 27996
94 94.5 27988
94.5 95 27986
95 95.5 27976
95.5 96 27936
96 96.5 27939
96.5 97 27937
97 97.5 27933
97.5 98 27928
98 98.5 27930
98.5 99 27921
99 99.5 27927
99.5 100 27913
